union
  union
    union
      union
        union
          union
            cuboid 0.0000 -1.0000 0.0000 76.0000 1.0000 76.0000 0.1000 0.4000 0.1000 0.8000 0.0000 1.0000
            difference
              union
                cuboid -34.0000 6.2932 -34.0000 2.8755 12.5865 2.3098 0.3000 0.3000 0.3500 0.9000 0.1000 10.0000
                cuboid -34.0000 14.9040 -34.0000 1.7253 4.6350 1.3859 0.1000 0.2000 0.5000 0.5000 0.9000 80.0000
              cuboid -34.0000 0.7500 -34.0000 1.2000 1.5000 3.3098 0.3000 0.3000 0.3500 0.9000 0.1000 10.0000
          union
            difference
              union
                union
                  cuboid -25.5957 5.9095 -34.0000 2.9998 11.8190 2.2497 0.3000 0.3000 0.3500 0.9000 0.1000 10.0000
                  cuboid -25.5957 14.0710 -34.0000 1.7999 4.5042 1.3498 0.1000 0.2000 0.5000 0.5000 0.9000 80.0000
                cylinder -25.5957 17.1208 -34.0000 0.2000 2.5955 0.5000 0.5000 0.5500 0.6000 0.8000 50.0000
              cuboid -25.5957 0.7500 -34.0000 1.2000 1.5000 3.2497 0.3000 0.3000 0.3500 0.9000 0.1000 10.0000
            union
              difference
                union
                  cuboid -17.6206 3.3783 -34.0000 3.2423 6.7566 3.1931 0.3000 0.3000 0.3500 0.9000 0.1000 10.0000
                  cuboid -17.6206 8.7378 -34.0000 1.9454 3.9625 1.9159 0.1000 0.2000 0.5000 0.5000 0.9000 80.0000
                cuboid -17.6206 0.7500 -34.0000 1.2000 1.5000 4.1931 0.3000 0.3000 0.3500 0.9000 0.1000 10.0000
              difference
                union
                  union
                    cuboid -9.4011 5.7087 -34.0000 3.8918 11.4174 3.5318 0.3000 0.3000 0.3500 0.9000 0.1000 10.0000
                    cuboid -9.4011 12.7114 -34.0000 2.3351 2.5881 2.1191 0.1000 0.2000 0.5000 0.5000 0.9000 80.0000
                  cylinder -9.4011 14.3645 -34.0000 0.2000 1.7180 0.5000 0.5000 0.5500 0.6000 0.8000 50.0000
                cuboid -9.4011 0.7500 -34.0000 1.2000 1.5000 4.5318 0.3000 0.3000 0.3500 0.9000 0.1000 10.0000
        union
          union
            difference
              cuboid -1.3461 4.7057 -34.0000 2.6690 9.4113 2.4074 0.3000 0.3000 0.3500 0.9000 0.1000 10.0000
              cuboid -1.3461 0.7500 -34.0000 1.2000 1.5000 3.4074 0.3000 0.3000 0.3500 0.9000 0.1000 10.0000
            difference
              union
                cuboid 6.6551 4.8782 -34.0000 2.4139 9.7564 3.0632 0.3000 0.3000 0.3500 0.9000 0.1000 10.0000
                cuboid 6.6551 12.3217 -34.0000 1.4483 5.1307 1.8379 0.1000 0.2000 0.5000 0.5000 0.9000 80.0000
              cuboid 6.6551 0.7500 -34.0000 1.2000 1.5000 4.0632 0.3000 0.3000 0.3500 0.9000 0.1000 10.0000
          union
            difference
              union
                union
                  cuboid 14.3722 5.8295 -34.0000 2.4766 11.6590 2.2526 0.3000 0.3000 0.3500 0.9000 0.1000 10.0000
                  cuboid 14.3722 13.6469 -34.0000 1.4860 3.9759 1.3516 0.1000 0.2000 0.5000 0.5000 0.9000 80.0000
                cylinder 14.3722 16.6788 -34.0000 0.2000 3.0880 0.5000 0.5000 0.5500 0.6000 0.8000 50.0000
              cuboid 14.3722 0.7500 -34.0000 1.2000 1.5000 3.2526 0.3000 0.3000 0.3500 0.9000 0.1000 10.0000
            union
              difference
                union
                  cuboid 21.8747 6.6941 -34.0000 3.1392 13.3882 3.3945 0.3000 0.3000 0.3500 0.9000 0.1000 10.0000
                  cuboid 21.8747 15.0266 -34.0000 1.8835 3.2768 2.0367 0.1000 0.2000 0.5000 0.5000 0.9000 80.0000
                cuboid 21.8747 0.7500 -34.0000 1.2000 1.5000 4.3945 0.3000 0.3000 0.3500 0.9000 0.1000 10.0000
              difference
                union
                  union
                    cuboid 30.6453 6.4473 -34.0000 2.9674 12.8946 3.9478 0.3000 0.3000 0.3500 0.9000 0.1000 10.0000
                    cuboid 30.6453 15.2918 -34.0000 1.7804 4.7944 2.3687 0.1000 0.2000 0.5000 0.5000 0.9000 80.0000
                  cylinder 30.6453 18.2885 -34.0000 0.2000 2.1990 0.5000 0.5000 0.5500 0.6000 0.8000 50.0000
                cuboid 30.6453 0.7500 -34.0000 1.2000 1.5000 4.9478 0.3000 0.3000 0.3500 0.9000 0.1000 10.0000
      union
        union
          union
            difference
              union
                cuboid -34.0000 3.2269 -25.4809 3.9002 6.4537 3.8640 0.3000 0.3000 0.3500 0.9000 0.1000 10.0000
                cuboid -34.0000 7.7791 -25.4809 2.3401 2.6508 2.3184 0.1000 0.2000 0.5000 0.5000 0.9000 80.0000
              cuboid -34.0000 0.7500 -25.4809 1.2000 1.5000 4.8640 0.3000 0.3000 0.3500 0.9000 0.1000 10.0000
            difference
              cuboid -25.4518 3.4414 -25.4809 3.6951 6.8828 3.5480 0.3000 0.3000 0.3500 0.9000 0.1000 10.0000
              cuboid -25.4518 0.7500 -25.4809 1.2000 1.5000 4.5480 0.3000 0.3000 0.3500 0.9000 0.1000 10.0000
          union
            difference
              cuboid -17.4701 5.4932 -25.4809 2.9220 10.9863 3.4593 0.3000 0.3000 0.3500 0.9000 0.1000 10.0000
              cuboid -17.4701 0.7500 -25.4809 1.2000 1.5000 4.4593 0.3000 0.3000 0.3500 0.9000 0.1000 10.0000
            union
              difference
                union
                  union
                    cuboid -9.1856 5.8742 -25.4809 2.9184 11.7483 2.0396 0.3000 0.3000 0.3500 0.9000 0.1000 10.0000
                    cuboid -9.1856 13.2383 -25.4809 1.7511 2.9799 1.2238 0.1000 0.2000 0.5000 0.5000 0.9000 80.0000
                  cylinder -9.1856 15.3842 -25.4809 0.2000 2.3118 0.5000 0.5000 0.5500 0.6000 0.8000 50.0000
                cuboid -9.1856 0.7500 -25.4809 1.2000 1.5000 3.0396 0.3000 0.3000 0.3500 0.9000 0.1000 10.0000
              difference
                cuboid -1.8750 3.9799 -25.4809 3.8261 7.9599 3.3836 0.3000 0.3000 0.3500 0.9000 0.1000 10.0000
                cuboid -1.8750 0.7500 -25.4809 1.2000 1.5000 4.3836 0.3000 0.3000 0.3500 0.9000 0.1000 10.0000
        union
          union
            difference
              union
                cuboid 6.3656 3.9249 -25.4809 3.7007 7.8498 2.1446 0.3000 0.3000 0.3500 0.9000 0.1000 10.0000
                cuboid 6.3656 9.9385 -25.4809 2.2204 4.1773 1.2868 0.1000 0.2000 0.5000 0.5000 0.9000 80.0000
              cuboid 6.3656 0.7500 -25.4809 1.2000 1.5000 3.1446 0.3000 0.3000 0.3500 0.9000 0.1000 10.0000
            difference
              cuboid 14.5167 3.6933 -25.4809 2.7298 7.3865 2.6683 0.3000 0.3000 0.3500 0.9000 0.1000 10.0000
              cuboid 14.5167 0.7500 -25.4809 1.2000 1.5000 3.6683 0.3000 0.3000 0.3500 0.9000 0.1000 10.0000
          union
            difference
              union
                union
                  cuboid 22.2223 5.8763 -25.4809 3.1615 11.7525 3.5671 0.3000 0.3000 0.3500 0.9000 0.1000 10.0000
                  cuboid 22.2223 14.6464 -25.4809 1.8969 5.7878 2.1402 0.1000 0.2000 0.5000 0.5000 0.9000 80.0000
                cylinder 22.2223 18.7116 -25.4809 0.2000 3.3427 0.5000 0.5000 0.5500 0.6000 0.8000 50.0000
              cuboid 22.2223 0.7500 -25.4809 1.2000 1.5000 4.5671 0.3000 0.3000 0.3500 0.9000 0.1000 10.0000
            union
              difference
                union
                  cuboid 29.3252 6.5771 -25.4809 3.8850 13.1542 3.1056 0.3000 0.3000 0.3500 0.9000 0.1000 10.0000
                  cuboid 29.3252 15.9633 -25.4809 2.3310 5.6181 1.8634 0.1000 0.2000 0.5000 0.5000 0.9000 80.0000
                cuboid 29.3252 0.7500 -25.4809 1.2000 1.5000 4.1056 0.3000 0.3000 0.3500 0.9000 0.1000 10.0000
              difference
                union
                  cuboid -34.0000 2.8424 -18.2643 2.8062 5.6848 2.3578 0.3000 0.3000 0.3500 0.9000 0.1000 10.0000
                  cuboid -34.0000 7.0291 -18.2643 1.6837 2.6885 1.4147 0.1000 0.2000 0.5000 0.5000 0.9000 80.0000
                cuboid -34.0000 0.7500 -18.2643 1.2000 1.5000 3.3578 0.3000 0.3000 0.3500 0.9000 0.1000 10.0000
    union
      union
        union
          union
            difference
              union
                cuboid -26.8712 7.4269 -18.2643 3.1039 14.8537 2.4701 0.3000 0.3000 0.3500 0.9000 0.1000 10.0000
                cuboid -26.8712 16.0476 -18.2643 1.8623 2.3877 1.4820 0.1000 0.2000 0.5000 0.5000 0.9000 80.0000
              cuboid -26.8712 0.7500 -18.2643 1.2000 1.5000 3.4701 0.3000 0.3000 0.3500 0.9000 0.1000 10.0000
            difference
              cuboid -19.6557 5.4300 -18.2643 3.7388 10.8601 3.2654 0.3000 0.3000 0.3500 0.9000 0.1000 10.0000
              cuboid -19.6557 0.7500 -18.2643 1.2000 1.5000 4.2654 0.3000 0.3000 0.3500 0.9000 0.1000 10.0000
          union
            difference
              union
                union
                  cuboid -11.7420 2.6289 -18.2643 2.1634 5.2579 3.9046 0.3000 0.3000 0.3500 0.9000 0.1000 10.0000
                  cuboid -11.7420 7.7950 -18.2643 1.2980 5.0742 2.3428 0.1000 0.2000 0.5000 0.5000 0.9000 80.0000
                cylinder -11.7420 10.9810 -18.2643 0.2000 2.2978 0.5000 0.5000 0.5500 0.6000 0.8000 50.0000
              cuboid -11.7420 0.7500 -18.2643 1.2000 1.5000 4.9046 0.3000 0.3000 0.3500 0.9000 0.1000 10.0000
            union
              difference
                cuboid -4.0640 5.1104 -18.2643 2.7220 10.2207 3.1753 0.3000 0.3000 0.3500 0.9000 0.1000 10.0000
                cuboid -4.0640 0.7500 -18.2643 1.2000 1.5000 4.1753 0.3000 0.3000 0.3500 0.9000 0.1000 10.0000
              difference
                union
                  union
                    cuboid 3.2010 3.3033 -18.2643 2.8374 6.6065 3.6134 0.3000 0.3000 0.3500 0.9000 0.1000 10.0000
                    cuboid 3.2010 8.2375 -18.2643 1.7025 3.2620 2.1681 0.1000 0.2000 0.5000 0.5000 0.9000 80.0000
                  cylinder 3.2010 9.9437 -18.2643 0.2000 1.1504 0.5000 0.5000 0.5500 0.6000 0.8000 50.0000
                cuboid 3.2010 0.7500 -18.2643 1.2000 1.5000 4.6134 0.3000 0.3000 0.3500 0.9000 0.1000 10.0000
        union
          union
            difference
              cuboid 11.5390 3.4783 -18.2643 3.7977 6.9565 2.9584 0.3000 0.3000 0.3500 0.9000 0.1000 10.0000
              cuboid 11.5390 0.7500 -18.2643 1.2000 1.5000 3.9584 0.3000 0.3000 0.3500 0.9000 0.1000 10.0000
            difference
              union
                cuboid 20.1261 6.6631 -18.2643 2.4320 13.3263 3.8295 0.3000 0.3000 0.3500 0.9000 0.1000 10.0000
                cuboid 20.1261 14.9019 -18.2643 1.4592 3.1513 2.2977 0.1000 0.2000 0.5000 0.5000 0.9000 80.0000
              cuboid 20.1261 0.7500 -18.2643 1.2000 1.5000 4.8295 0.3000 0.3000 0.3500 0.9000 0.1000 10.0000
          union
            difference
              cuboid 27.2888 2.8197 -18.2643 2.8161 5.6394 2.0456 0.3000 0.3000 0.3500 0.9000 0.1000 10.0000
              cuboid 27.2888 0.7500 -18.2643 1.2000 1.5000 3.0456 0.3000 0.3000 0.3500 0.9000 0.1000 10.0000
            union
              difference
                union
                  cuboid -34.0000 7.3650 -9.9862 3.9265 14.7301 3.6678 0.3000 0.3000 0.3500 0.9000 0.1000 10.0000
                  cuboid -34.0000 16.6487 -9.9862 2.3559 3.8372 2.2007 0.1000 0.2000 0.5000 0.5000 0.9000 80.0000
                cuboid -34.0000 0.7500 -9.9862 1.2000 1.5000 4.6678 0.3000 0.3000 0.3500 0.9000 0.1000 10.0000
              difference
                cuboid -25.1340 7.0316 -9.9862 3.7794 14.0633 2.0450 0.3000 0.3000 0.3500 0.9000 0.1000 10.0000
                cuboid -25.1340 0.7500 -9.9862 1.2000 1.5000 3.0450 0.3000 0.3000 0.3500 0.9000 0.1000 10.0000
      union
        union
          union
            difference
              union
                cuboid -17.0590 4.0320 -9.9862 3.5933 8.0640 3.5951 0.3000 0.3000 0.3500 0.9000 0.1000 10.0000
                cuboid -17.0590 10.8713 -9.9862 2.1560 5.6147 2.1571 0.1000 0.2000 0.5000 0.5000 0.9000 80.0000
              cuboid -17.0590 0.7500 -9.9862 1.2000 1.5000 4.5951 0.3000 0.3000 0.3500 0.9000 0.1000 10.0000
            difference
              cuboid -9.7029 4.7876 -9.9862 3.8591 9.5752 2.5325 0.3000 0.3000 0.3500 0.9000 0.1000 10.0000
              cuboid -9.7029 0.7500 -9.9862 1.2000 1.5000 3.5325 0.3000 0.3000 0.3500 0.9000 0.1000 10.0000
          union
            difference
              union
                cuboid -2.6875 5.5924 -9.9862 2.6351 11.1849 2.3658 0.3000 0.3000 0.3500 0.9000 0.1000 10.0000
                cuboid -2.6875 12.8243 -9.9862 1.5810 3.2790 1.4195 0.1000 0.2000 0.5000 0.5000 0.9000 80.0000
              cuboid -2.6875 0.7500 -9.9862 1.2000 1.5000 3.3658 0.3000 0.3000 0.3500 0.9000 0.1000 10.0000
            union
              difference
                union
                  union
                    cuboid 4.6930 6.9337 -9.9862 2.9744 13.8675 3.4215 0.3000 0.3000 0.3500 0.9000 0.1000 10.0000
                    cuboid 4.6930 15.0795 -9.9862 1.7847 2.4240 2.0529 0.1000 0.2000 0.5000 0.5000 0.9000 80.0000
                  cylinder 4.6930 16.4385 -9.9862 0.2000 1.2940 0.5000 0.5000 0.5500 0.6000 0.8000 50.0000
                cuboid 4.6930 0.7500 -9.9862 1.2000 1.5000 4.4215 0.3000 0.3000 0.3500 0.9000 0.1000 10.0000
              difference
                union
                  union
                    cuboid 12.8736 2.8540 -9.9862 3.8241 5.7081 3.0439 0.3000 0.3000 0.3500 0.9000 0.1000 10.0000
                    cuboid 12.8736 7.4722 -9.9862 2.2945 3.5283 1.8263 0.1000 0.2000 0.5000 0.5000 0.9000 80.0000
                  cylinder 12.8736 10.2744 -9.9862 0.2000 3.0761 0.5000 0.5000 0.5500 0.6000 0.8000 50.0000
                cuboid 12.8736 0.7500 -9.9862 1.2000 1.5000 4.0439 0.3000 0.3000 0.3500 0.9000 0.1000 10.0000
        union
          union
            difference
              union
                cuboid 21.4715 2.9597 -9.9862 2.9254 5.9194 2.3253 0.3000 0.3000 0.3500 0.9000 0.1000 10.0000
                cuboid 21.4715 7.3493 -9.9862 1.7553 2.8599 1.3952 0.1000 0.2000 0.5000 0.5000 0.9000 80.0000
              cuboid 21.4715 0.7500 -9.9862 1.2000 1.5000 3.3253 0.3000 0.3000 0.3500 0.9000 0.1000 10.0000
            union
              difference
                union
                  union
                    cuboid 29.5310 4.3391 -9.9862 2.2197 8.6783 2.4856 0.3000 0.3000 0.3500 0.9000 0.1000 10.0000
                    cuboid 29.5310 10.4522 -9.9862 1.3318 3.5478 1.4913 0.1000 0.2000 0.5000 0.5000 0.9000 80.0000
                  cylinder 29.5310 12.7385 -9.9862 0.2000 2.0248 0.5000 0.5000 0.5500 0.6000 0.8000 50.0000
                cuboid 29.5310 0.7500 -9.9862 1.2000 1.5000 3.4856 0.3000 0.3000 0.3500 0.9000 0.1000 10.0000
              difference
                union
                  cuboid -34.0000 6.7954 -2.7845 3.6072 13.5909 2.8657 0.3000 0.3000 0.3500 0.9000 0.1000 10.0000
                  cuboid -34.0000 16.2480 -2.7845 2.1643 5.3143 1.7194 0.1000 0.2000 0.5000 0.5000 0.9000 80.0000
                cuboid -34.0000 0.7500 -2.7845 1.2000 1.5000 3.8657 0.3000 0.3000 0.3500 0.9000 0.1000 10.0000
          union
            difference
              union
                union
                  cuboid -25.6121 5.6730 -2.7845 2.9574 11.3459 2.8388 0.3000 0.3000 0.3500 0.9000 0.1000 10.0000
                  cuboid -25.6121 13.7333 -2.7845 1.7744 4.7748 1.7033 0.1000 0.2000 0.5000 0.5000 0.9000 80.0000
                cylinder -25.6121 16.1814 -2.7845 0.2000 1.1214 0.5000 0.5000 0.5500 0.6000 0.8000 50.0000
              cuboid -25.6121 0.7500 -2.7845 1.2000 1.5000 3.8388 0.3000 0.3000 0.3500 0.9000 0.1000 10.0000
            union
              difference
                union
                  cuboid -18.5281 6.4918 -2.7845 3.7930 12.9837 3.3453 0.3000 0.3000 0.3500 0.9000 0.1000 10.0000
                  cuboid -18.5281 15.5766 -2.7845 2.2758 5.1859 2.0072 0.1000 0.2000 0.5000 0.5000 0.9000 80.0000
                cuboid -18.5281 0.7500 -2.7845 1.2000 1.5000 4.3453 0.3000 0.3000 0.3500 0.9000 0.1000 10.0000
              difference
                union
                  cuboid -10.6078 7.2059 -2.7845 3.8434 14.4117 3.5068 0.3000 0.3000 0.3500 0.9000 0.1000 10.0000
                  cuboid -10.6078 16.9393 -2.7845 2.3060 5.0552 2.1041 0.1000 0.2000 0.5000 0.5000 0.9000 80.0000
                cuboid -10.6078 0.7500 -2.7845 1.2000 1.5000 4.5068 0.3000 0.3000 0.3500 0.9000 0.1000 10.0000
  union
    union
      union
        union
          union
            difference
              union
                cuboid -1.9930 7.0735 -2.7845 3.1066 14.1470 3.2435 0.3000 0.3000 0.3500 0.9000 0.1000 10.0000
                cuboid -1.9930 17.1132 -2.7845 1.8640 5.9323 1.9461 0.1000 0.2000 0.5000 0.5000 0.9000 80.0000
              cuboid -1.9930 0.7500 -2.7845 1.2000 1.5000 4.2435 0.3000 0.3000 0.3500 0.9000 0.1000 10.0000
            difference
              union
                union
                  cuboid 6.9768 6.0237 -2.7845 3.0950 12.0473 3.7318 0.3000 0.3000 0.3500 0.9000 0.1000 10.0000
                  cuboid 6.9768 13.8622 -2.7845 1.8570 3.6299 2.2391 0.1000 0.2000 0.5000 0.5000 0.9000 80.0000
                cylinder 6.9768 16.2861 -2.7845 0.2000 2.2178 0.5000 0.5000 0.5500 0.6000 0.8000 50.0000
              cuboid 6.9768 0.7500 -2.7845 1.2000 1.5000 4.7318 0.3000 0.3000 0.3500 0.9000 0.1000 10.0000
          union
            difference
              union
                cuboid 15.0968 5.2803 -2.7845 2.3437 10.5605 2.4546 0.3000 0.3000 0.3500 0.9000 0.1000 10.0000
                cuboid 15.0968 12.5694 -2.7845 1.4062 4.0176 1.4728 0.1000 0.2000 0.5000 0.5000 0.9000 80.0000
              cuboid 15.0968 0.7500 -2.7845 1.2000 1.5000 3.4546 0.3000 0.3000 0.3500 0.9000 0.1000 10.0000
            union
              difference
                union
                  union
                    cuboid 22.4040 3.1129 -2.7845 2.5056 6.2259 2.9458 0.3000 0.3000 0.3500 0.9000 0.1000 10.0000
                    cuboid 22.4040 8.9650 -2.7845 1.5034 5.4782 1.7675 0.1000 0.2000 0.5000 0.5000 0.9000 80.0000
                  cylinder 22.4040 13.0191 -2.7845 0.2000 3.6302 0.5000 0.5000 0.5500 0.6000 0.8000 50.0000
                cuboid 22.4040 0.7500 -2.7845 1.2000 1.5000 3.9458 0.3000 0.3000 0.3500 0.9000 0.1000 10.0000
              difference
                union
                  cuboid 30.4065 4.5035 -2.7845 2.0218 9.0070 3.3213 0.3000 0.3000 0.3500 0.9000 0.1000 10.0000
                  cuboid 30.4065 11.3215 -2.7845 1.2131 4.6289 1.9928 0.1000 0.2000 0.5000 0.5000 0.9000 80.0000
                cuboid 30.4065 0.7500 -2.7845 1.2000 1.5000 4.3213 0.3000 0.3000 0.3500 0.9000 0.1000 10.0000
        union
          union
            difference
              union
                union
                  cuboid -34.0000 6.1656 5.5042 3.5971 12.3312 3.6911 0.3000 0.3000 0.3500 0.9000 0.1000 10.0000
                  cuboid -34.0000 14.6654 5.5042 2.1583 4.6683 2.2147 0.1000 0.2000 0.5000 0.5000 0.9000 80.0000
                cylinder -34.0000 17.4141 5.5042 0.2000 1.8290 0.5000 0.5000 0.5500 0.6000 0.8000 50.0000
              cuboid -34.0000 0.7500 5.5042 1.2000 1.5000 4.6911 0.3000 0.3000 0.3500 0.9000 0.1000 10.0000
            difference
              cuboid -26.7692 6.8517 5.5042 3.6081 13.7033 3.6809 0.3000 0.3000 0.3500 0.9000 0.1000 10.0000
              cuboid -26.7692 0.7500 5.5042 1.2000 1.5000 4.6809 0.3000 0.3000 0.3500 0.9000 0.1000 10.0000
          union
            difference
              union
                union
                  cuboid -19.4389 5.9185 5.5042 2.2741 11.8369 2.5241 0.3000 0.3000 0.3500 0.9000 0.1000 10.0000
                  cuboid -19.4389 14.5522 5.5042 1.3645 5.4306 1.5145 0.1000 0.2000 0.5000 0.5000 0.9000 80.0000
                cylinder -19.4389 18.6370 5.5042 0.2000 3.7390 0.5000 0.5000 0.5500 0.6000 0.8000 50.0000
              cuboid -19.4389 0.7500 5.5042 1.2000 1.5000 3.5241 0.3000 0.3000 0.3500 0.9000 0.1000 10.0000
            union
              difference
                cuboid -10.6684 6.8927 5.5042 2.7459 13.7853 2.3015 0.3000 0.3000 0.3500 0.9000 0.1000 10.0000
                cuboid -10.6684 0.7500 5.5042 1.2000 1.5000 3.3015 0.3000 0.3000 0.3500 0.9000 0.1000 10.0000
              difference
                union
                  union
                    cuboid -2.9301 3.3029 5.5042 2.3510 6.6057 2.5643 0.3000 0.3000 0.3500 0.9000 0.1000 10.0000
                    cuboid -2.9301 8.4569 5.5042 1.4106 3.7023 1.5386 0.1000 0.2000 0.5000 0.5000 0.9000 80.0000
                  cylinder -2.9301 10.4243 5.5042 0.2000 1.2326 0.5000 0.5000 0.5500 0.6000 0.8000 50.0000
                cuboid -2.9301 0.7500 5.5042 1.2000 1.5000 3.5643 0.3000 0.3000 0.3500 0.9000 0.1000 10.0000
      union
        union
          union
            difference
              cuboid 5.9411 3.3849 5.5042 2.5435 6.7697 3.0465 0.3000 0.3000 0.3500 0.9000 0.1000 10.0000
              cuboid 5.9411 0.7500 5.5042 1.2000 1.5000 4.0465 0.3000 0.3000 0.3500 0.9000 0.1000 10.0000
            difference
              union
                union
                  cuboid 13.9771 5.3400 5.5042 2.8217 10.6800 3.9268 0.3000 0.3000 0.3500 0.9000 0.1000 10.0000
                  cuboid 13.9771 13.6658 5.5042 1.6930 5.9716 2.3561 0.1000 0.2000 0.5000 0.5000 0.9000 80.0000
                cylinder 13.9771 17.8569 5.5042 0.2000 3.4107 0.5000 0.5000 0.5500 0.6000 0.8000 50.0000
              cuboid 13.9771 0.7500 5.5042 1.2000 1.5000 4.9268 0.3000 0.3000 0.3500 0.9000 0.1000 10.0000
          union
            difference
              union
                cuboid 21.8840 5.3707 5.5042 2.6680 10.7415 2.9777 0.3000 0.3000 0.3500 0.9000 0.1000 10.0000
                cuboid 21.8840 11.9474 5.5042 1.6008 2.4118 1.7866 0.1000 0.2000 0.5000 0.5000 0.9000 80.0000
              cuboid 21.8840 0.7500 5.5042 1.2000 1.5000 3.9777 0.3000 0.3000 0.3500 0.9000 0.1000 10.0000
            union
              difference
                union
                  union
                    cuboid 30.0345 4.8432 5.5042 2.4026 9.6864 2.4088 0.3000 0.3000 0.3500 0.9000 0.1000 10.0000
                    cuboid 30.0345 10.9513 5.5042 1.4416 2.5298 1.4453 0.1000 0.2000 0.5000 0.5000 0.9000 80.0000
                  cylinder 30.0345 12.5133 5.5042 0.2000 1.5944 0.5000 0.5000 0.5500 0.6000 0.8000 50.0000
                cuboid 30.0345 0.7500 5.5042 1.2000 1.5000 3.4088 0.3000 0.3000 0.3500 0.9000 0.1000 10.0000
              difference
                cuboid -34.0000 4.1809 13.4622 3.5953 8.3618 3.0554 0.3000 0.3000 0.3500 0.9000 0.1000 10.0000
                cuboid -34.0000 0.7500 13.4622 1.2000 1.5000 4.0554 0.3000 0.3000 0.3500 0.9000 0.1000 10.0000
        union
          union
            difference
              union
                cuboid -26.7743 5.3275 13.4622 2.8070 10.6550 3.8866 0.3000 0.3000 0.3500 0.9000 0.1000 10.0000
                cuboid -26.7743 11.9876 13.4622 1.6842 2.6651 2.3320 0.1000 0.2000 0.5000 0.5000 0.9000 80.0000
              cuboid -26.7743 0.7500 13.4622 1.2000 1.5000 4.8866 0.3000 0.3000 0.3500 0.9000 0.1000 10.0000
            difference
              union
                cuboid -18.0386 5.5799 13.4622 2.2651 11.1598 3.4712 0.3000 0.3000 0.3500 0.9000 0.1000 10.0000
                cuboid -18.0386 13.2816 13.4622 1.3590 4.2435 2.0827 0.1000 0.2000 0.5000 0.5000 0.9000 80.0000
              cuboid -18.0386 0.7500 13.4622 1.2000 1.5000 4.4712 0.3000 0.3000 0.3500 0.9000 0.1000 10.0000
          union
            difference
              union
                cuboid -10.8923 5.4447 13.4622 3.3753 10.8894 3.3510 0.3000 0.3000 0.3500 0.9000 0.1000 10.0000
                cuboid -10.8923 11.8997 13.4622 2.0252 2.0206 2.0106 0.1000 0.2000 0.5000 0.5000 0.9000 80.0000
              cuboid -10.8923 0.7500 13.4622 1.2000 1.5000 4.3510 0.3000 0.3000 0.3500 0.9000 0.1000 10.0000
            union
              difference
                union
                  cuboid -3.0679 5.8408 13.4622 2.7256 11.6816 2.4076 0.3000 0.3000 0.3500 0.9000 0.1000 10.0000
                  cuboid -3.0679 14.0112 13.4622 1.6354 4.6592 1.4445 0.1000 0.2000 0.5000 0.5000 0.9000 80.0000
                cuboid -3.0679 0.7500 13.4622 1.2000 1.5000 3.4076 0.3000 0.3000 0.3500 0.9000 0.1000 10.0000
              difference
                union
                  union
                    cuboid 5.3608 5.1123 13.4622 2.5184 10.2246 2.2151 0.3000 0.3000 0.3500 0.9000 0.1000 10.0000
                    cuboid 5.3608 13.0287 13.4622 1.5110 5.6081 1.3291 0.1000 0.2000 0.5000 0.5000 0.9000 80.0000
                  cylinder 5.3608 16.0955 13.4622 0.2000 1.5256 0.5000 0.5000 0.5500 0.6000 0.8000 50.0000
                cuboid 5.3608 0.7500 13.4622 1.2000 1.5000 3.2151 0.3000 0.3000 0.3500 0.9000 0.1000 10.0000
    union
      union
        union
          union
            difference
              cuboid 12.6838 6.6718 13.4622 3.1818 13.3435 3.7447 0.3000 0.3000 0.3500 0.9000 0.1000 10.0000
              cuboid 12.6838 0.7500 13.4622 1.2000 1.5000 4.7447 0.3000 0.3000 0.3500 0.9000 0.1000 10.0000
            difference
              cuboid 21.5176 2.7241 13.4622 3.1891 5.4483 3.8498 0.3000 0.3000 0.3500 0.9000 0.1000 10.0000
              cuboid 21.5176 0.7500 13.4622 1.2000 1.5000 4.8498 0.3000 0.3000 0.3500 0.9000 0.1000 10.0000
          union
            difference
              union
                union
                  cuboid 28.7844 4.4565 13.4622 2.9747 8.9130 2.5224 0.3000 0.3000 0.3500 0.9000 0.1000 10.0000
                  cuboid 28.7844 10.5653 13.4622 1.7848 3.3045 1.5134 0.1000 0.2000 0.5000 0.5000 0.9000 80.0000
                cylinder 28.7844 13.2618 13.4622 0.2000 3.0885 0.5000 0.5000 0.5500 0.6000 0.8000 50.0000
              cuboid 28.7844 0.7500 13.4622 1.2000 1.5000 3.5224 0.3000 0.3000 0.3500 0.9000 0.1000 10.0000
            union
              difference
                union
                  cuboid -34.0000 3.2032 21.7808 3.2113 6.4064 3.2818 0.3000 0.3000 0.3500 0.9000 0.1000 10.0000
                  cuboid -34.0000 7.9273 21.7808 1.9268 3.0418 1.9691 0.1000 0.2000 0.5000 0.5000 0.9000 80.0000
                cuboid -34.0000 0.7500 21.7808 1.2000 1.5000 4.2818 0.3000 0.3000 0.3500 0.9000 0.1000 10.0000
              difference
                cuboid -25.3890 3.5419 21.7808 3.7422 7.0837 3.6932 0.3000 0.3000 0.3500 0.9000 0.1000 10.0000
                cuboid -25.3890 0.7500 21.7808 1.2000 1.5000 4.6932 0.3000 0.3000 0.3500 0.9000 0.1000 10.0000
        union
          union
            difference
              union
                union
                  cuboid -17.6773 3.6953 21.7808 2.6550 7.3907 2.6315 0.3000 0.3000 0.3500 0.9000 0.1000 10.0000
                  cuboid -17.6773 9.4907 21.7808 1.5930 4.2000 1.5789 0.1000 0.2000 0.5000 0.5000 0.9000 80.0000
                cylinder -17.6773 11.8620 21.7808 0.2000 1.5428 0.5000 0.5000 0.5500 0.6000 0.8000 50.0000
              cuboid -17.6773 0.7500 21.7808 1.2000 1.5000 3.6315 0.3000 0.3000 0.3500 0.9000 0.1000 10.0000
            difference
              union
                cuboid -10.6604 6.0259 21.7808 3.0232 12.0518 2.8500 0.3000 0.3000 0.3500 0.9000 0.1000 10.0000
                cuboid -10.6604 13.5230 21.7808 1.8139 2.9424 1.7100 0.1000 0.2000 0.5000 0.5000 0.9000 80.0000
              cuboid -10.6604 0.7500 21.7808 1.2000 1.5000 3.8500 0.3000 0.3000 0.3500 0.9000 0.1000 10.0000
          union
            difference
              union
                union
                  cuboid -2.9509 7.2473 21.7808 2.4463 14.4946 2.6765 0.3000 0.3000 0.3500 0.9000 0.1000 10.0000
                  cuboid -2.9509 17.2219 21.7808 1.4678 5.4545 1.6059 0.1000 0.2000 0.5000 0.5000 0.9000 80.0000
                cylinder -2.9509 21.1082 21.7808 0.2000 3.3181 0.5000 0.5000 0.5500 0.6000 0.8000 50.0000
              cuboid -2.9509 0.7500 21.7808 1.2000 1.5000 3.6765 0.3000 0.3000 0.3500 0.9000 0.1000 10.0000
            union
              difference
                union
                  union
                    cuboid 5.6176 4.2822 21.7808 2.5057 8.5645 2.1848 0.3000 0.3000 0.3500 0.9000 0.1000 10.0000
                    cuboid 5.6176 10.8994 21.7808 1.5034 4.6699 1.3109 0.1000 0.2000 0.5000 0.5000 0.9000 80.0000
                  cylinder 5.6176 14.4942 21.7808 0.2000 3.5197 0.5000 0.5000 0.5500 0.6000 0.8000 50.0000
                cuboid 5.6176 0.7500 21.7808 1.2000 1.5000 3.1848 0.3000 0.3000 0.3500 0.9000 0.1000 10.0000
              difference
                union
                  cuboid 13.6941 3.9473 21.7808 3.4211 7.8947 2.8012 0.3000 0.3000 0.3500 0.9000 0.1000 10.0000
                  cuboid 13.6941 10.3142 21.7808 2.0527 4.8390 1.6807 0.1000 0.2000 0.5000 0.5000 0.9000 80.0000
                cuboid 13.6941 0.7500 21.7808 1.2000 1.5000 3.8012 0.3000 0.3000 0.3500 0.9000 0.1000 10.0000
      union
        union
          union
            difference
              union
                union
                  cuboid 22.5033 2.8345 21.7808 2.3051 5.6690 3.0062 0.3000 0.3000 0.3500 0.9000 0.1000 10.0000
                  cuboid 22.5033 7.2799 21.7808 1.3831 3.2217 1.8037 0.1000 0.2000 0.5000 0.5000 0.9000 80.0000
                cylinder 22.5033 8.9533 21.7808 0.2000 1.1252 0.5000 0.5000 0.5500 0.6000 0.8000 50.0000
              cuboid 22.5033 0.7500 21.7808 1.2000 1.5000 4.0062 0.3000 0.3000 0.3500 0.9000 0.1000 10.0000
            difference
              union
                cuboid 31.3777 5.4236 21.7808 3.7057 10.8471 2.9524 0.3000 0.3000 0.3500 0.9000 0.1000 10.0000
                cuboid 31.3777 13.8286 21.7808 2.2234 5.9629 1.7714 0.1000 0.2000 0.5000 0.5000 0.9000 80.0000
              cuboid 31.3777 0.7500 21.7808 1.2000 1.5000 3.9524 0.3000 0.3000 0.3500 0.9000 0.1000 10.0000
          union
            difference
              union
                union
                  cuboid -34.0000 4.4223 30.4459 2.5348 8.8445 2.7129 0.3000 0.3000 0.3500 0.9000 0.1000 10.0000
                  cuboid -34.0000 9.9598 30.4459 1.5209 2.2305 1.6277 0.1000 0.2000 0.5000 0.5000 0.9000 80.0000
                cylinder -34.0000 11.5425 30.4459 0.2000 1.9349 0.5000 0.5000 0.5500 0.6000 0.8000 50.0000
              cuboid -34.0000 0.7500 30.4459 1.2000 1.5000 3.7129 0.3000 0.3000 0.3500 0.9000 0.1000 10.0000
            union
              difference
                union
                  union
                    cuboid -26.3587 5.0171 30.4459 3.3427 10.0341 3.0127 0.3000 0.3000 0.3500 0.9000 0.1000 10.0000
                    cuboid -26.3587 12.4605 30.4459 2.0056 4.8529 1.8076 0.1000 0.2000 0.5000 0.5000 0.9000 80.0000
                  cylinder -26.3587 15.4572 30.4459 0.2000 2.1405 0.5000 0.5000 0.5500 0.6000 0.8000 50.0000
                cuboid -26.3587 0.7500 30.4459 1.2000 1.5000 4.0127 0.3000 0.3000 0.3500 0.9000 0.1000 10.0000
              difference
                union
                  union
                    cuboid -18.8548 2.7953 30.4459 2.1465 5.5906 3.4193 0.3000 0.3000 0.3500 0.9000 0.1000 10.0000
                    cuboid -18.8548 7.7786 30.4459 1.2879 4.3760 2.0516 0.1000 0.2000 0.5000 0.5000 0.9000 80.0000
                  cylinder -18.8548 10.7402 30.4459 0.2000 2.5473 0.5000 0.5000 0.5500 0.6000 0.8000 50.0000
                cuboid -18.8548 0.7500 30.4459 1.2000 1.5000 4.4193 0.3000 0.3000 0.3500 0.9000 0.1000 10.0000
        union
          union
            difference
              cuboid -10.9836 4.1748 30.4459 2.9394 8.3496 2.6492 0.3000 0.3000 0.3500 0.9000 0.1000 10.0000
              cuboid -10.9836 0.7500 30.4459 1.2000 1.5000 3.6492 0.3000 0.3000 0.3500 0.9000 0.1000 10.0000
            union
              difference
                cuboid -2.5052 4.7190 30.4459 2.9387 9.4380 3.6043 0.3000 0.3000 0.3500 0.9000 0.1000 10.0000
                cuboid -2.5052 0.7500 30.4459 1.2000 1.5000 4.6043 0.3000 0.3000 0.3500 0.9000 0.1000 10.0000
              difference
                union
                  union
                    cuboid 5.9993 3.2619 30.4459 3.7965 6.5239 3.3534 0.3000 0.3000 0.3500 0.9000 0.1000 10.0000
                    cuboid 5.9993 7.9779 30.4459 2.2779 2.9081 2.0120 0.1000 0.2000 0.5000 0.5000 0.9000 80.0000
                  cylinder 5.9993 10.6657 30.4459 0.2000 3.4676 0.5000 0.5000 0.5500 0.6000 0.8000 50.0000
                cuboid 5.9993 0.7500 30.4459 1.2000 1.5000 4.3534 0.3000 0.3000 0.3500 0.9000 0.1000 10.0000
          union
            difference
              union
                union
                  cuboid 14.3163 3.6964 30.4459 2.6456 7.3928 2.2483 0.3000 0.3000 0.3500 0.9000 0.1000 10.0000
                  cuboid 14.3163 10.1612 30.4459 1.5874 5.5369 1.3490 0.1000 0.2000 0.5000 0.5000 0.9000 80.0000
                cylinder 14.3163 13.5275 30.4459 0.2000 2.1956 0.5000 0.5000 0.5500 0.6000 0.8000 50.0000
              cuboid 14.3163 0.7500 30.4459 1.2000 1.5000 3.2483 0.3000 0.3000 0.3500 0.9000 0.1000 10.0000
            union
              difference
                union
                  union
                    cuboid 22.5092 4.0135 30.4459 2.4760 8.0269 3.2534 0.3000 0.3000 0.3500 0.9000 0.1000 10.0000
                    cuboid 22.5092 9.7801 30.4459 1.4856 3.5064 1.9521 0.1000 0.2000 0.5000 0.5000 0.9000 80.0000
                  cylinder 22.5092 11.8037 30.4459 0.2000 1.5407 0.5000 0.5000 0.5500 0.6000 0.8000 50.0000
                cuboid 22.5092 0.7500 30.4459 1.2000 1.5000 4.2534 0.3000 0.3000 0.3500 0.9000 0.1000 10.0000
              difference
                union
                  union
                    cuboid 31.1380 5.9162 30.4459 2.4020 11.8324 2.5417 0.3000 0.3000 0.3500 0.9000 0.1000 10.0000
                    cuboid 31.1380 14.2716 30.4459 1.4412 4.8784 1.5250 0.1000 0.2000 0.5000 0.5000 0.9000 80.0000
                  cylinder 31.1380 17.5694 30.4459 0.2000 2.7172 0.5000 0.5000 0.5500 0.6000 0.8000 50.0000
                cuboid 31.1380 0.7500 30.4459 1.2000 1.5000 3.5417 0.3000 0.3000 0.3500 0.9000 0.1000 10.0000