union
  union
    union
      union
        union
          union
            union
              cuboid 0.0000 -1.0000 0.0000 96.0000 1.0000 96.0000 0.1000 0.4000 0.1000 0.8000 0.0000 1.0000
              difference
                cuboid -44.0000 7.2676 -44.0000 3.9550 14.5353 2.0021 0.3000 0.3000 0.3500 0.9000 0.1000 10.0000
                cuboid -44.0000 0.7500 -44.0000 1.2000 1.5000 3.0021 0.3000 0.3000 0.3500 0.9000 0.1000 10.0000
            union
              difference
                union
                  union
                    cuboid -35.4679 3.2286 -44.0000 3.9772 6.4571 2.0873 0.3000 0.3000 0.3500 0.9000 0.1000 10.0000
                    cuboid -35.4679 7.6345 -44.0000 2.3863 2.3548 1.2524 0.1000 0.2000 0.5000 0.5000 0.9000 80.0000
                  cylinder -35.4679 9.3820 -44.0000 0.2000 2.1403 0.5000 0.5000 0.5500 0.6000 0.8000 50.0000
                cuboid -35.4679 0.7500 -44.0000 1.2000 1.5000 3.0873 0.3000 0.3000 0.3500 0.9000 0.1000 10.0000
              difference
                union
                  cuboid -27.6605 5.5761 -44.0000 3.2133 11.1522 3.3940 0.3000 0.3000 0.3500 0.9000 0.1000 10.0000
                  cuboid -27.6605 13.7829 -44.0000 1.9280 5.2614 2.0364 0.1000 0.2000 0.5000 0.5000 0.9000 80.0000
                cuboid -27.6605 0.7500 -44.0000 1.2000 1.5000 4.3940 0.3000 0.3000 0.3500 0.9000 0.1000 10.0000
          union
            union
              difference
                union
                  cuboid -20.6566 4.2130 -44.0000 3.8801 8.4260 3.4129 0.3000 0.3000 0.3500 0.9000 0.1000 10.0000
                  cuboid -20.6566 11.3488 -44.0000 2.3280 5.8457 2.0478 0.1000 0.2000 0.5000 0.5000 0.9000 80.0000
                cuboid -20.6566 0.7500 -44.0000 1.2000 1.5000 4.4129 0.3000 0.3000 0.3500 0.9000 0.1000 10.0000
              difference
                union
                  cuboid -12.8758 3.0906 -44.0000 3.6759 6.1812 2.2487 0.3000 0.3000 0.3500 0.9000 0.1000 10.0000
                  cuboid -12.8758 8.8404 -44.0000 2.2055 5.3186 1.3492 0.1000 0.2000 0.5000 0.5000 0.9000 80.0000
                cuboid -12.8758 0.7500 -44.0000 1.2000 1.5000 3.2487 0.3000 0.3000 0.3500 0.9000 0.1000 10.0000
            union
              difference
                union
                  cuboid -5.8393 4.1877 -44.0000 2.9127 8.3754 3.2309 0.3000 0.3000 0.3500 0.9000 0.1000 10.0000
                  cuboid -5.8393 9.4081 -44.0000 1.7476 2.0653 1.9385 0.1000 0.2000 0.5000 0.5000 0.9000 80.0000
                cuboid -5.8393 0.7500 -44.0000 1.2000 1.5000 4.2309 0.3000 0.3000 0.3500 0.9000 0.1000 10.0000
              difference
                union
                  cuboid 1.4928 4.0295 -44.0000 2.0918 8.0591 3.6508 0.3000 0.3000 0.3500 0.9000 0.1000 10.0000
                  cuboid 1.4928 10.7452 -44.0000 1.2551 5.3722 2.1905 0.1000 0.2000 0.5000 0.5000 0.9000 80.0000
                cuboid 1.4928 0.7500 -44.0000 1.2000 1.5000 4.6508 0.3000 0.3000 0.3500 0.9000 0.1000 10.0000
        union
          union
            union
              difference
                union
                  union
                    cuboid 8.5496 3.2979 -44.0000 2.6193 6.5958 3.0380 0.3000 0.3000 0.3500 0.9000 0.1000 10.0000
                    cuboid 8.5496 8.5694 -44.0000 1.5716 3.9471 1.8228 0.1000 0.2000 0.5000 0.5000 0.9000 80.0000
                  cylinder 8.5496 11.2755 -44.0000 0.2000 2.4652 0.5000 0.5000 0.5500 0.6000 0.8000 50.0000
                cuboid 8.5496 0.7500 -44.0000 1.2000 1.5000 4.0380 0.3000 0.3000 0.3500 0.9000 0.1000 10.0000
              difference
                union
                  union
                    cuboid 15.7289 4.8384 -44.0000 2.2860 9.6767 2.2077 0.3000 0.3000 0.3500 0.9000 0.1000 10.0000
                    cuboid 15.7289 11.3512 -44.0000 1.3716 3.3490 1.3246 0.1000 0.2000 0.5000 0.5000 0.9000 80.0000
                  cylinder 15.7289 13.6915 -44.0000 0.2000 2.3315 0.5000 0.5000 0.5500 0.6000 0.8000 50.0000
                cuboid 15.7289 0.7500 -44.0000 1.2000 1.5000 3.2077 0.3000 0.3000 0.3500 0.9000 0.1000 10.0000
            union
              difference
                union
                  union
                    cuboid 22.9013 5.9963 -44.0000 2.8136 11.9926 2.6001 0.3000 0.3000 0.3500 0.9000 0.1000 10.0000
                    cuboid 22.9013 14.2555 -44.0000 1.6882 4.5259 1.5601 0.1000 0.2000 0.5000 0.5000 0.9000 80.0000
                  cylinder 22.9013 17.9659 -44.0000 0.2000 3.8949 0.5000 0.5000 0.5500 0.6000 0.8000 50.0000
                cuboid 22.9013 0.7500 -44.0000 1.2000 1.5000 3.6001 0.3000 0.3000 0.3500 0.9000 0.1000 10.0000
              difference
                cuboid 31.4611 5.3285 -44.0000 3.7846 10.6570 3.6086 0.3000 0.3000 0.3500 0.9000 0.1000 10.0000
                cuboid 31.4611 0.7500 -44.0000 1.2000 1.5000 4.6086 0.3000 0.3000 0.3500 0.9000 0.1000 10.0000
          union
            union
              difference
                union
                  cuboid 39.6795 2.8762 -44.0000 2.6106 5.7525 2.3535 0.3000 0.3000 0.3500 0.9000 0.1000 10.0000
                  cuboid 39.6795 7.5108 -44.0000 1.5664 3.5167 1.4121 0.1000 0.2000 0.5000 0.5000 0.9000 80.0000
                cuboid 39.6795 0.7500 -44.0000 1.2000 1.5000 3.3535 0.3000 0.3000 0.3500 0.9000 0.1000 10.0000
              difference
                union
                  union
                    cuboid -44.0000 3.5308 -36.7846 2.9045 7.0616 2.8231 0.3000 0.3000 0.3500 0.9000 0.1000 10.0000
                    cuboid -44.0000 9.3812 -36.7846 1.7427 4.6392 1.6938 0.1000 0.2000 0.5000 0.5000 0.9000 80.0000
                  cylinder -44.0000 12.7299 -36.7846 0.2000 3.0581 0.5000 0.5000 0.5500 0.6000 0.8000 50.0000
                cuboid -44.0000 0.7500 -36.7846 1.2000 1.5000 3.8231 0.3000 0.3000 0.3500 0.9000 0.1000 10.0000
            union
              difference
                cuboid -35.4400 2.6830 -36.7846 3.8337 5.3660 3.0410 0.3000 0.3000 0.3500 0.9000 0.1000 10.0000
                cuboid -35.4400 0.7500 -36.7846 1.2000 1.5000 4.0410 0.3000 0.3000 0.3500 0.9000 0.1000 10.0000
              union
                difference
                  union
                    union
                      cuboid -28.3095 3.1780 -36.7846 2.3375 6.3560 2.3693 0.3000 0.3000 0.3500 0.9000 0.1000 10.0000
                      cuboid -28.3095 7.7334 -36.7846 1.4025 2.7548 1.4216 0.1000 0.2000 0.5000 0.5000 0.9000 80.0000
                    cylinder -28.3095 10.4061 -36.7846 0.2000 3.5907 0.5000 0.5000 0.5500 0.6000 0.8000 50.0000
                  cuboid -28.3095 0.7500 -36.7846 1.2000 1.5000 3.3693 0.3000 0.3000 0.3500 0.9000 0.1000 10.0000
                difference
                  union
                    cuboid -19.4193 5.2717 -36.7846 2.3752 10.5434 3.8578 0.3000 0.3000 0.3500 0.9000 0.1000 10.0000
                    cuboid -19.4193 13.3572 -36.7846 1.4251 5.6277 2.3147 0.1000 0.2000 0.5000 0.5000 0.9000 80.0000
                  cuboid -19.4193 0.7500 -36.7846 1.2000 1.5000 4.8578 0.3000 0.3000 0.3500 0.9000 0.1000 10.0000
      union
        union
          union
            union
              difference
                union
                  cuboid -12.3038 5.6219 -36.7846 2.1316 11.2439 3.2603 0.3000 0.3000 0.3500 0.9000 0.1000 10.0000
                  cuboid -12.3038 12.3351 -36.7846 1.2790 2.1824 1.9562 0.1000 0.2000 0.5000 0.5000 0.9000 80.0000
                cuboid -12.3038 0.7500 -36.7846 1.2000 1.5000 4.2603 0.3000 0.3000 0.3500 0.9000 0.1000 10.0000
              difference
                cuboid -4.0825 4.2119 -36.7846 3.0082 8.4239 3.2095 0.3000 0.3000 0.3500 0.9000 0.1000 10.0000
                cuboid -4.0825 0.7500 -36.7846 1.2000 1.5000 4.2095 0.3000 0.3000 0.3500 0.9000 0.1000 10.0000
            union
              difference
                union
                  union
                    cuboid 3.6665 4.2599 -36.7846 3.2335 8.5198 2.6977 0.3000 0.3000 0.3500 0.9000 0.1000 10.0000
                    cuboid 3.6665 9.9494 -36.7846 1.9401 2.8593 1.6186 0.1000 0.2000 0.5000 0.5000 0.9000 80.0000
                  cylinder 3.6665 11.4459 -36.7846 0.2000 1.1338 0.5000 0.5000 0.5500 0.6000 0.8000 50.0000
                cuboid 3.6665 0.7500 -36.7846 1.2000 1.5000 3.6977 0.3000 0.3000 0.3500 0.9000 0.1000 10.0000
              difference
                union
                  union
                    cuboid 10.9058 3.0547 -36.7846 2.0209 6.1093 3.5647 0.3000 0.3000 0.3500 0.9000 0.1000 10.0000
                    cuboid 10.9058 7.9574 -36.7846 1.2126 3.6962 2.1388 0.1000 0.2000 0.5000 0.5000 0.9000 80.0000
                  cylinder 10.9058 10.4492 -36.7846 0.2000 2.2872 0.5000 0.5000 0.5500 0.6000 0.8000 50.0000
                cuboid 10.9058 0.7500 -36.7846 1.2000 1.5000 4.5647 0.3000 0.3000 0.3500 0.9000 0.1000 10.0000
          union
            union
              difference
                union
                  cuboid 18.8883 3.7399 -36.7846 3.6237 7.4799 2.0064 0.3000 0.3000 0.3500 0.9000 0.1000 10.0000
                  cuboid 18.8883 9.2989 -36.7846 2.1742 3.6381 1.2038 0.1000 0.2000 0.5000 0.5000 0.9000 80.0000
                cuboid 18.8883 0.7500 -36.7846 1.2000 1.5000 3.0064 0.3000 0.3000 0.3500 0.9000 0.1000 10.0000
              difference
                union
                  union
                    cuboid 27.7914 3.0994 -36.7846 2.2435 6.1988 2.1404 0.3000 0.3000 0.3500 0.9000 0.1000 10.0000
                    cuboid 27.7914 8.1205 -36.7846 1.3461 3.8434 1.2842 0.1000 0.2000 0.5000 0.5000 0.9000 80.0000
                  cylinder 27.7914 11.3260 -36.7846 0.2000 3.5675 0.5000 0.5000 0.5500 0.6000 0.8000 50.0000
                cuboid 27.7914 0.7500 -36.7846 1.2000 1.5000 3.1404 0.3000 0.3000 0.3500 0.9000 0.1000 10.0000
            union
              difference
                union
                  union
                    cuboid 35.0669 2.8192 -36.7846 3.2709 5.6385 2.7242 0.3000 0.3000 0.3500 0.9000 0.1000 10.0000
                    cuboid 35.0669 7.0432 -36.7846 1.9625 2.8095 1.6345 0.1000 0.2000 0.5000 0.5000 0.9000 80.0000
                  cylinder 35.0669 8.7389 -36.7846 0.2000 1.5817 0.5000 0.5000 0.5500 0.6000 0.8000 50.0000
                cuboid 35.0669 0.7500 -36.7846 1.2000 1.5000 3.7242 0.3000 0.3000 0.3500 0.9000 0.1000 10.0000
              union
                difference
                  union
                    cuboid 43.5249 5.6391 -36.7846 3.2908 11.2782 3.0635 0.3000 0.3000 0.3500 0.9000 0.1000 10.0000
                    cuboid 43.5249 13.9068 -36.7846 1.9745 5.2572 1.8381 0.1000 0.2000 0.5000 0.5000 0.9000 80.0000
                  cuboid 43.5249 0.7500 -36.7846 1.2000 1.5000 4.0635 0.3000 0.3000 0.3500 0.9000 0.1000 10.0000
                difference
                  cuboid -44.0000 5.3415 -27.8089 2.6697 10.6830 2.7608 0.3000 0.3000 0.3500 0.9000 0.1000 10.0000
                  cuboid -44.0000 0.7500 -27.8089 1.2000 1.5000 3.7608 0.3000 0.3000 0.3500 0.9000 0.1000 10.0000
        union
          union
            union
              difference
                union
                  cuboid -35.2764 5.3807 -27.8089 3.4955 10.7613 2.0360 0.3000 0.3000 0.3500 0.9000 0.1000 10.0000
                  cuboid -35.2764 13.0368 -27.8089 2.0973 4.5511 1.2216 0.1000 0.2000 0.5000 0.5000 0.9000 80.0000
                cuboid -35.2764 0.7500 -27.8089 1.2000 1.5000 3.0360 0.3000 0.3000 0.3500 0.9000 0.1000 10.0000
              difference
                cuboid -28.1605 5.8871 -27.8089 2.5146 11.7742 2.6865 0.3000 0.3000 0.3500 0.9000 0.1000 10.0000
                cuboid -28.1605 0.7500 -27.8089 1.2000 1.5000 3.6865 0.3000 0.3000 0.3500 0.9000 0.1000 10.0000
            union
              difference
                union
                  union
                    cuboid -20.7985 3.5729 -27.8089 3.8972 7.1457 3.2882 0.3000 0.3000 0.3500 0.9000 0.1000 10.0000
                    cuboid -20.7985 8.9305 -27.8089 2.3383 3.5695 1.9729 0.1000 0.2000 0.5000 0.5000 0.9000 80.0000
                  cylinder -20.7985 11.0882 -27.8089 0.2000 1.7459 0.5000 0.5000 0.5500 0.6000 0.8000 50.0000
                cuboid -20.7985 0.7500 -27.8089 1.2000 1.5000 4.2882 0.3000 0.3000 0.3500 0.9000 0.1000 10.0000
              difference
                cuboid -12.4911 3.6981 -27.8089 3.7621 7.3962 2.7294 0.3000 0.3000 0.3500 0.9000 0.1000 10.0000
                cuboid -12.4911 0.7500 -27.8089 1.2000 1.5000 3.7294 0.3000 0.3000 0.3500 0.9000 0.1000 10.0000
          union
            union
              difference
                union
                  union
                    cuboid -5.3930 4.1985 -27.8089 3.1113 8.3969 2.2025 0.3000 0.3000 0.3500 0.9000 0.1000 10.0000
                    cuboid -5.3930 10.3620 -27.8089 1.8668 3.9301 1.3215 0.1000 0.2000 0.5000 0.5000 0.9000 80.0000
                  cylinder -5.3930 12.9164 -27.8089 0.2000 2.1788 0.5000 0.5000 0.5500 0.6000 0.8000 50.0000
                cuboid -5.3930 0.7500 -27.8089 1.2000 1.5000 3.2025 0.3000 0.3000 0.3500 0.9000 0.1000 10.0000
              difference
                union
                  cuboid 2.5855 5.6234 -27.8089 2.4784 11.2468 3.1014 0.3000 0.3000 0.3500 0.9000 0.1000 10.0000
                  cuboid 2.5855 13.3183 -27.8089 1.4871 4.1429 1.8608 0.1000 0.2000 0.5000 0.5000 0.9000 80.0000
                cuboid 2.5855 0.7500 -27.8089 1.2000 1.5000 4.1014 0.3000 0.3000 0.3500 0.9000 0.1000 10.0000
            union
              difference
                cuboid 11.1404 3.8372 -27.8089 2.3128 7.6743 3.1486 0.3000 0.3000 0.3500 0.9000 0.1000 10.0000
                cuboid 11.1404 0.7500 -27.8089 1.2000 1.5000 4.1486 0.3000 0.3000 0.3500 0.9000 0.1000 10.0000
              union
                difference
                  cuboid 18.9035 3.4181 -27.8089 2.0285 6.8361 3.7792 0.3000 0.3000 0.3500 0.9000 0.1000 10.0000
                  cuboid 18.9035 0.7500 -27.8089 1.2000 1.5000 4.7792 0.3000 0.3000 0.3500 0.9000 0.1000 10.0000
                difference
                  cuboid 26.7573 4.6448 -27.8089 3.9364 9.2897 2.1769 0.3000 0.3000 0.3500 0.9000 0.1000 10.0000
                  cuboid 26.7573 0.7500 -27.8089 1.2000 1.5000 3.1769 0.3000 0.3000 0.3500 0.9000 0.1000 10.0000
    union
      union
        union
          union
            union
              difference
                union
                  union
                    cuboid 34.2366 7.0822 -27.8089 3.1258 14.1644 3.9742 0.3000 0.3000 0.3500 0.9000 0.1000 10.0000
                    cuboid 34.2366 15.2773 -27.8089 1.8755 2.2257 2.3845 0.1000 0.2000 0.5000 0.5000 0.9000 80.0000
                  cylinder 34.2366 16.5633 -27.8089 0.2000 1.3465 0.5000 0.5000 0.5500 0.6000 0.8000 50.0000
                cuboid 34.2366 0.7500 -27.8089 1.2000 1.5000 4.9742 0.3000 0.3000 0.3500 0.9000 0.1000 10.0000
              difference
                union
                  union
                    cuboid 41.3708 4.5581 -27.8089 2.3144 9.1162 2.1920 0.3000 0.3000 0.3500 0.9000 0.1000 10.0000
                    cuboid 41.3708 10.5437 -27.8089 1.3887 2.8550 1.3152 0.1000 0.2000 0.5000 0.5000 0.9000 80.0000
                  cylinder 41.3708 13.3791 -27.8089 0.2000 3.8157 0.5000 0.5000 0.5500 0.6000 0.8000 50.0000
                cuboid 41.3708 0.7500 -27.8089 1.2000 1.5000 3.1920 0.3000 0.3000 0.3500 0.9000 0.1000 10.0000
            union
              difference
                union
                  cuboid -44.0000 3.7986 -20.5071 2.2569 7.5973 3.0040 0.3000 0.3000 0.3500 0.9000 0.1000 10.0000
                  cuboid -44.0000 9.3892 -20.5071 1.3541 3.5838 1.8024 0.1000 0.2000 0.5000 0.5000 0.9000 80.0000
                cuboid -44.0000 0.7500 -20.5071 1.2000 1.5000 4.0040 0.3000 0.3000 0.3500 0.9000 0.1000 10.0000
              difference
                cuboid -35.7810 6.1237 -20.5071 2.1670 12.2475 3.4831 0.3000 0.3000 0.3500 0.9000 0.1000 10.0000
                cuboid -35.7810 0.7500 -20.5071 1.2000 1.5000 4.4831 0.3000 0.3000 0.3500 0.9000 0.1000 10.0000
          union
            union
              difference
                cuboid -28.5762 6.7758 -20.5071 2.3703 13.5517 3.6623 0.3000 0.3000 0.3500 0.9000 0.1000 10.0000
                cuboid -28.5762 0.7500 -20.5071 1.2000 1.5000 4.6623 0.3000 0.3000 0.3500 0.9000 0.1000 10.0000
              difference
                union
                  cuboid -21.3983 2.6166 -20.5071 3.0873 5.2332 3.4676 0.3000 0.3000 0.3500 0.9000 0.1000 10.0000
                  cuboid -21.3983 7.9307 -20.5071 1.8524 5.3950 2.0806 0.1000 0.2000 0.5000 0.5000 0.9000 80.0000
                cuboid -21.3983 0.7500 -20.5071 1.2000 1.5000 4.4676 0.3000 0.3000 0.3500 0.9000 0.1000 10.0000
            union
              difference
                union
                  cuboid -13.1128 6.0817 -20.5071 2.0472 12.1634 3.7397 0.3000 0.3000 0.3500 0.9000 0.1000 10.0000
                  cuboid -13.1128 13.4520 -20.5071 1.2283 2.5774 2.2438 0.1000 0.2000 0.5000 0.5000 0.9000 80.0000
                cuboid -13.1128 0.7500 -20.5071 1.2000 1.5000 4.7397 0.3000 0.3000 0.3500 0.9000 0.1000 10.0000
              difference
                union
                  union
                    cuboid -4.3754 6.7223 -20.5071 3.2264 13.4446 3.8869 0.3000 0.3000 0.3500 0.9000 0.1000 10.0000
                    cuboid -4.3754 14.8913 -20.5071 1.9359 2.8935 2.3322 0.1000 0.2000 0.5000 0.5000 0.9000 80.0000
                  cylinder -4.3754 17.3685 -20.5071 0.2000 3.0607 0.5000 0.5000 0.5500 0.6000 0.8000 50.0000
                cuboid -4.3754 0.7500 -20.5071 1.2000 1.5000 4.8869 0.3000 0.3000 0.3500 0.9000 0.1000 10.0000
        union
          union
            union
              difference
                union
                  cuboid 3.0017 3.9170 -20.5071 3.4349 7.8340 2.5623 0.3000 0.3000 0.3500 0.9000 0.1000 10.0000
                  cuboid 3.0017 9.6307 -20.5071 2.0610 3.5934 1.5374 0.1000 0.2000 0.5000 0.5000 0.9000 80.0000
                cuboid 3.0017 0.7500 -20.5071 1.2000 1.5000 3.5623 0.3000 0.3000 0.3500 0.9000 0.1000 10.0000
              difference
                cuboid 11.9174 5.1307 -20.5071 3.2136 10.2614 3.5556 0.3000 0.3000 0.3500 0.9000 0.1000 10.0000
                cuboid 11.9174 0.7500 -20.5071 1.2000 1.5000 4.5556 0.3000 0.3000 0.3500 0.9000 0.1000 10.0000
            union
              difference
                union
                  cuboid 20.1844 5.8373 -20.5071 3.5138 11.6745 3.4247 0.3000 0.3000 0.3500 0.9000 0.1000 10.0000
                  cuboid 20.1844 13.3019 -20.5071 2.1083 3.2548 2.0548 0.1000 0.2000 0.5000 0.5000 0.9000 80.0000
                cuboid 20.1844 0.7500 -20.5071 1.2000 1.5000 4.4247 0.3000 0.3000 0.3500 0.9000 0.1000 10.0000
              difference
                cuboid 28.9342 5.1013 -20.5071 2.7062 10.2027 2.2673 0.3000 0.3000 0.3500 0.9000 0.1000 10.0000
                cuboid 28.9342 0.7500 -20.5071 1.2000 1.5000 3.2673 0.3000 0.3000 0.3500 0.9000 0.1000 10.0000
          union
            union
              difference
                union
                  cuboid 37.1017 4.3498 -20.5071 3.3335 8.6996 3.8656 0.3000 0.3000 0.3500 0.9000 0.1000 10.0000
                  cuboid 37.1017 10.0280 -20.5071 2.0001 2.6568 2.3194 0.1000 0.2000 0.5000 0.5000 0.9000 80.0000
                cuboid 37.1017 0.7500 -20.5071 1.2000 1.5000 4.8656 0.3000 0.3000 0.3500 0.9000 0.1000 10.0000
              difference
                union
                  cuboid -44.0000 4.8379 -13.0168 3.5414 9.6757 2.0966 0.3000 0.3000 0.3500 0.9000 0.1000 10.0000
                  cuboid -44.0000 12.2080 -13.0168 2.1248 5.0646 1.2580 0.1000 0.2000 0.5000 0.5000 0.9000 80.0000
                cuboid -44.0000 0.7500 -13.0168 1.2000 1.5000 3.0966 0.3000 0.3000 0.3500 0.9000 0.1000 10.0000
            union
              difference
                union
                  cuboid -35.3024 4.6211 -13.0168 3.5624 9.2423 3.7325 0.3000 0.3000 0.3500 0.9000 0.1000 10.0000
                  cuboid -35.3024 10.5457 -13.0168 2.1375 2.6067 2.2395 0.1000 0.2000 0.5000 0.5000 0.9000 80.0000
                cuboid -35.3024 0.7500 -13.0168 1.2000 1.5000 4.7325 0.3000 0.3000 0.3500 0.9000 0.1000 10.0000
              union
                difference
                  union
                    union
                      cuboid -26.3055 2.6891 -13.0168 3.2788 5.3783 2.6465 0.3000 0.3000 0.3500 0.9000 0.1000 10.0000
                      cuboid -26.3055 7.5917 -13.0168 1.9673 4.4268 1.5879 0.1000 0.2000 0.5000 0.5000 0.9000 80.0000
                    cylinder -26.3055 10.3632 -13.0168 0.2000 2.1163 0.5000 0.5000 0.5500 0.6000 0.8000 50.0000
                  cuboid -26.3055 0.7500 -13.0168 1.2000 1.5000 3.6465 0.3000 0.3000 0.3500 0.9000 0.1000 10.0000
                difference
                  union
                    union
                      cuboid -18.9037 6.2356 -13.0168 3.1047 12.4711 2.1817 0.3000 0.3000 0.3500 0.9000 0.1000 10.0000
                      cuboid -18.9037 14.4792 -13.0168 1.8628 4.0161 1.3090 0.1000 0.2000 0.5000 0.5000 0.9000 80.0000
                    cylinder -18.9037 16.5125 -13.0168 0.2000 1.0505 0.5000 0.5000 0.5500 0.6000 0.8000 50.0000
                  cuboid -18.9037 0.7500 -13.0168 1.2000 1.5000 3.1817 0.3000 0.3000 0.3500 0.9000 0.1000 10.0000
      union
        union
          union
            union
              difference
                union
                  union
                    cuboid -10.3828 4.9347 -13.0168 3.6774 9.8694 2.6311 0.3000 0.3000 0.3500 0.9000 0.1000 10.0000
                    cuboid -10.3828 11.2045 -13.0168 2.2065 2.6703 1.5787 0.1000 0.2000 0.5000 0.5000 0.9000 80.0000
                  cylinder -10.3828 12.7216 -13.0168 0.2000 1.3639 0.5000 0.5000 0.5500 0.6000 0.8000 50.0000
                cuboid -10.3828 0.7500 -13.0168 1.2000 1.5000 3.6311 0.3000 0.3000 0.3500 0.9000 0.1000 10.0000
              difference
                cuboid -3.2742 3.6012 -13.0168 3.4259 7.2023 3.9498 0.3000 0.3000 0.3500 0.9000 0.1000 10.0000
                cuboid -3.2742 0.7500 -13.0168 1.2000 1.5000 4.9498 0.3000 0.3000 0.3500 0.9000 0.1000 10.0000
            union
              difference
                cuboid 4.3780 4.9107 -13.0168 2.8091 9.8215 3.9694 0.3000 0.3000 0.3500 0.9000 0.1000 10.0000
                cuboid 4.3780 0.7500 -13.0168 1.2000 1.5000 4.9694 0.3000 0.3000 0.3500 0.9000 0.1000 10.0000
              difference
                union
                  cuboid 13.2676 5.3767 -13.0168 2.8358 10.7534 2.7949 0.3000 0.3000 0.3500 0.9000 0.1000 10.0000
                  cuboid 13.2676 12.4565 -13.0168 1.7015 3.4062 1.6770 0.1000 0.2000 0.5000 0.5000 0.9000 80.0000
                cuboid 13.2676 0.7500 -13.0168 1.2000 1.5000 3.7949 0.3000 0.3000 0.3500 0.9000 0.1000 10.0000
          union
            union
              difference
                union
                  cuboid 21.4788 6.0674 -13.0168 2.6188 12.1347 2.4054 0.3000 0.3000 0.3500 0.9000 0.1000 10.0000
                  cuboid 21.4788 13.7033 -13.0168 1.5713 3.1371 1.4432 0.1000 0.2000 0.5000 0.5000 0.9000 80.0000
                cuboid 21.4788 0.7500 -13.0168 1.2000 1.5000 3.4054 0.3000 0.3000 0.3500 0.9000 0.1000 10.0000
              difference
                union
                  union
                    cuboid 28.4990 2.5626 -13.0168 3.6540 5.1251 2.5870 0.3000 0.3000 0.3500 0.9000 0.1000 10.0000
                    cuboid 28.4990 7.3746 -13.0168 2.1924 4.4989 1.5522 0.1000 0.2000 0.5000 0.5000 0.9000 80.0000
                  cylinder 28.4990 10.9214 -13.0168 0.2000 3.5948 0.5000 0.5000 0.5500 0.6000 0.8000 50.0000
                cuboid 28.4990 0.7500 -13.0168 1.2000 1.5000 3.5870 0.3000 0.3000 0.3500 0.9000 0.1000 10.0000
            union
              difference
                union
                  union
                    cuboid 36.5072 2.5241 -13.0168 3.1231 5.0483 2.8634 0.3000 0.3000 0.3500 0.9000 0.1000 10.0000
                    cuboid 36.5072 7.0545 -13.0168 1.8738 4.0124 1.7180 0.1000 0.2000 0.5000 0.5000 0.9000 80.0000
                  cylinder 36.5072 9.3967 -13.0168 0.2000 1.6720 0.5000 0.5000 0.5500 0.6000 0.8000 50.0000
                cuboid 36.5072 0.7500 -13.0168 1.2000 1.5000 3.8634 0.3000 0.3000 0.3500 0.9000 0.1000 10.0000
              union
                difference
                  union
                    union
                      cuboid 43.8584 7.1652 -13.0168 3.5784 14.3303 3.8497 0.3000 0.3000 0.3500 0.9000 0.1000 10.0000
                      cuboid 43.8584 16.4261 -13.0168 2.1470 4.1917 2.3098 0.1000 0.2000 0.5000 0.5000 0.9000 80.0000
                    cylinder 43.8584 19.9959 -13.0168 0.2000 3.9478 0.5000 0.5000 0.5500 0.6000 0.8000 50.0000
                  cuboid 43.8584 0.7500 -13.0168 1.2000 1.5000 4.8497 0.3000 0.3000 0.3500 0.9000 0.1000 10.0000
                difference
                  cuboid -44.0000 7.2219 -5.8737 3.5658 14.4438 2.0614 0.3000 0.3000 0.3500 0.9000 0.1000 10.0000
                  cuboid -44.0000 0.7500 -5.8737 1.2000 1.5000 3.0614 0.3000 0.3000 0.3500 0.9000 0.1000 10.0000
        union
          union
            union
              difference
                cuboid -35.5746 4.8847 -5.8737 3.5685 9.7695 3.2635 0.3000 0.3000 0.3500 0.9000 0.1000 10.0000
                cuboid -35.5746 0.7500 -5.8737 1.2000 1.5000 4.2635 0.3000 0.3000 0.3500 0.9000 0.1000 10.0000
              difference
                cuboid -26.6125 2.7119 -5.8737 2.2067 5.4239 2.4919 0.3000 0.3000 0.3500 0.9000 0.1000 10.0000
                cuboid -26.6125 0.7500 -5.8737 1.2000 1.5000 3.4919 0.3000 0.3000 0.3500 0.9000 0.1000 10.0000
            union
              difference
                union
                  union
                    cuboid -19.2201 6.1991 -5.8737 3.6070 12.3982 2.7590 0.3000 0.3000 0.3500 0.9000 0.1000 10.0000
                    cuboid -19.2201 15.2772 -5.8737 2.1642 5.7580 1.6554 0.1000 0.2000 0.5000 0.5000 0.9000 80.0000
                  cylinder -19.2201 18.4497 -5.8737 0.2000 1.5870 0.5000 0.5000 0.5500 0.6000 0.8000 50.0000
                cuboid -19.2201 0.7500 -5.8737 1.2000 1.5000 3.7590 0.3000 0.3000 0.3500 0.9000 0.1000 10.0000
              difference
                union
                  union
                    cuboid -10.2437 2.5623 -5.8737 3.7602 5.1246 3.7551 0.3000 0.3000 0.3500 0.9000 0.1000 10.0000
                    cuboid -10.2437 7.1422 -5.8737 2.2561 4.0353 2.2531 0.1000 0.2000 0.5000 0.5000 0.9000 80.0000
                  cylinder -10.2437 9.9500 -5.8737 0.2000 2.5802 0.5000 0.5000 0.5500 0.6000 0.8000 50.0000
                cuboid -10.2437 0.7500 -5.8737 1.2000 1.5000 4.7551 0.3000 0.3000 0.3500 0.9000 0.1000 10.0000
          union
            union
              difference
                union
                  cuboid -2.6895 4.8544 -5.8737 3.4713 9.7089 3.4948 0.3000 0.3000 0.3500 0.9000 0.1000 10.0000
                  cuboid -2.6895 10.9414 -5.8737 2.0828 2.4651 2.0969 0.1000 0.2000 0.5000 0.5000 0.9000 80.0000
                cuboid -2.6895 0.7500 -5.8737 1.2000 1.5000 4.4948 0.3000 0.3000 0.3500 0.9000 0.1000 10.0000
              difference
                cuboid 5.6357 7.3953 -5.8737 3.5534 14.7905 3.9581 0.3000 0.3000 0.3500 0.9000 0.1000 10.0000
                cuboid 5.6357 0.7500 -5.8737 1.2000 1.5000 4.9581 0.3000 0.3000 0.3500 0.9000 0.1000 10.0000
            union
              difference
                union
                  union
                    cuboid 14.4309 6.1431 -5.8737 2.7092 12.2862 3.0896 0.3000 0.3000 0.3500 0.9000 0.1000 10.0000
                    cuboid 14.4309 14.2583 -5.8737 1.6255 3.9444 1.8538 0.1000 0.2000 0.5000 0.5000 0.9000 80.0000
                  cylinder 14.4309 17.5012 -5.8737 0.2000 3.5413 0.5000 0.5000 0.5500 0.6000 0.8000 50.0000
                cuboid 14.4309 0.7500 -5.8737 1.2000 1.5000 4.0896 0.3000 0.3000 0.3500 0.9000 0.1000 10.0000
              union
                difference
                  cuboid 21.9032 6.1589 -5.8737 3.2374 12.3178 3.1131 0.3000 0.3000 0.3500 0.9000 0.1000 10.0000
                  cuboid 21.9032 0.7500 -5.8737 1.2000 1.5000 4.1131 0.3000 0.3000 0.3500 0.9000 0.1000 10.0000
                difference
                  union
                    union
                      cuboid 29.7294 2.6075 -5.8737 3.9249 5.2150 2.8033 0.3000 0.3000 0.3500 0.9000 0.1000 10.0000
                      cuboid 29.7294 8.1801 -5.8737 2.3549 5.9302 1.6820 0.1000 0.2000 0.5000 0.5000 0.9000 80.0000
                    cylinder 29.7294 12.0965 -5.8737 0.2000 2.9025 0.5000 0.5000 0.5500 0.6000 0.8000 50.0000
                  cuboid 29.7294 0.7500 -5.8737 1.2000 1.5000 3.8033 0.3000 0.3000 0.3500 0.9000 0.1000 10.0000
  union
    union
      union
        union
          union
            union
              difference
                cuboid 37.8560 6.5263 -5.8737 3.6082 13.0526 3.6466 0.3000 0.3000 0.3500 0.9000 0.1000 10.0000
                cuboid 37.8560 0.7500 -5.8737 1.2000 1.5000 4.6466 0.3000 0.3000 0.3500 0.9000 0.1000 10.0000
              difference
                union
                  union
                    cuboid -44.0000 2.9423 2.2303 3.1670 5.8846 3.6813 0.3000 0.3000 0.3500 0.9000 0.1000 10.0000
                    cuboid -44.0000 8.4036 2.2303 1.9002 5.0380 2.2088 0.1000 0.2000 0.5000 0.5000 0.9000 80.0000
                  cylinder -44.0000 11.0483 2.2303 0.2000 1.2513 0.5000 0.5000 0.5500 0.6000 0.8000 50.0000
                cuboid -44.0000 0.7500 2.2303 1.2000 1.5000 4.6813 0.3000 0.3000 0.3500 0.9000 0.1000 10.0000
            union
              difference
                union
                  cuboid -35.6859 2.7295 2.2303 2.9295 5.4591 3.4909 0.3000 0.3000 0.3500 0.9000 0.1000 10.0000
                  cuboid -35.6859 6.8317 2.2303 1.7577 2.7453 2.0945 0.1000 0.2000 0.5000 0.5000 0.9000 80.0000
                cuboid -35.6859 0.7500 2.2303 1.2000 1.5000 4.4909 0.3000 0.3000 0.3500 0.9000 0.1000 10.0000
              difference
                union
                  cuboid -28.3813 7.4363 2.2303 2.2943 14.8726 3.4814 0.3000 0.3000 0.3500 0.9000 0.1000 10.0000
                  cuboid -28.3813 17.5686 2.2303 1.3766 5.3920 2.0889 0.1000 0.2000 0.5000 0.5000 0.9000 80.0000
                cuboid -28.3813 0.7500 2.2303 1.2000 1.5000 4.4814 0.3000 0.3000 0.3500 0.9000 0.1000 10.0000
          union
            union
              difference
                union
                  cuboid -19.5545 4.9068 2.2303 3.9089 9.8137 3.2404 0.3000 0.3000 0.3500 0.9000 0.1000 10.0000
                  cuboid -19.5545 11.7050 2.2303 2.3453 3.7827 1.9443 0.1000 0.2000 0.5000 0.5000 0.9000 80.0000
                cuboid -19.5545 0.7500 2.2303 1.2000 1.5000 4.2404 0.3000 0.3000 0.3500 0.9000 0.1000 10.0000
              difference
                cuboid -12.4619 7.0974 2.2303 3.2420 14.1949 3.2319 0.3000 0.3000 0.3500 0.9000 0.1000 10.0000
                cuboid -12.4619 0.7500 2.2303 1.2000 1.5000 4.2319 0.3000 0.3000 0.3500 0.9000 0.1000 10.0000
            union
              difference
                cuboid -3.6440 4.3814 2.2303 3.9020 8.7627 3.3207 0.3000 0.3000 0.3500 0.9000 0.1000 10.0000
                cuboid -3.6440 0.7500 2.2303 1.2000 1.5000 4.3207 0.3000 0.3000 0.3500 0.9000 0.1000 10.0000
              difference
                union
                  union
                    cuboid 5.0249 3.6623 2.2303 3.4816 7.3247 2.8873 0.3000 0.3000 0.3500 0.9000 0.1000 10.0000
                    cuboid 5.0249 9.1305 2.2303 2.0890 3.6117 1.7324 0.1000 0.2000 0.5000 0.5000 0.9000 80.0000
                  cylinder 5.0249 10.9605 2.2303 0.2000 1.0482 0.5000 0.5000 0.5500 0.6000 0.8000 50.0000
                cuboid 5.0249 0.7500 2.2303 1.2000 1.5000 3.8873 0.3000 0.3000 0.3500 0.9000 0.1000 10.0000
        union
          union
            union
              difference
                union
                  union
                    cuboid 12.9180 5.9880 2.2303 2.5111 11.9760 3.8144 0.3000 0.3000 0.3500 0.9000 0.1000 10.0000
                    cuboid 12.9180 13.7861 2.2303 1.5066 3.6202 2.2886 0.1000 0.2000 0.5000 0.5000 0.9000 80.0000
                  cylinder 12.9180 16.3845 2.2303 0.2000 2.5764 0.5000 0.5000 0.5500 0.6000 0.8000 50.0000
                cuboid 12.9180 0.7500 2.2303 1.2000 1.5000 4.8144 0.3000 0.3000 0.3500 0.9000 0.1000 10.0000
              difference
                cuboid 19.9949 6.8687 2.2303 3.2501 13.7374 2.9949 0.3000 0.3000 0.3500 0.9000 0.1000 10.0000
                cuboid 19.9949 0.7500 2.2303 1.2000 1.5000 3.9949 0.3000 0.3000 0.3500 0.9000 0.1000 10.0000
            union
              difference
                cuboid 28.7734 7.2956 2.2303 2.2862 14.5912 2.6325 0.3000 0.3000 0.3500 0.9000 0.1000 10.0000
                cuboid 28.7734 0.7500 2.2303 1.2000 1.5000 3.6325 0.3000 0.3000 0.3500 0.9000 0.1000 10.0000
              difference
                union
                  cuboid 36.0667 5.6467 2.2303 2.4620 11.2934 3.0828 0.3000 0.3000 0.3500 0.9000 0.1000 10.0000
                  cuboid 36.0667 14.2092 2.2303 1.4772 5.8315 1.8497 0.1000 0.2000 0.5000 0.5000 0.9000 80.0000
                cuboid 36.0667 0.7500 2.2303 1.2000 1.5000 4.0828 0.3000 0.3000 0.3500 0.9000 0.1000 10.0000
          union
            union
              difference
                union
                  union
                    cuboid -44.0000 6.3457 10.4017 3.1109 12.6914 2.6322 0.3000 0.3000 0.3500 0.9000 0.1000 10.0000
                    cuboid -44.0000 14.1971 10.4017 1.8665 3.0115 1.5793 0.1000 0.2000 0.5000 0.5000 0.9000 80.0000
                  cylinder -44.0000 16.9089 10.4017 0.2000 3.4122 0.5000 0.5000 0.5500 0.6000 0.8000 50.0000
                cuboid -44.0000 0.7500 10.4017 1.2000 1.5000 3.6322 0.3000 0.3000 0.3500 0.9000 0.1000 10.0000
              difference
                union
                  cuboid -36.2746 5.4718 10.4017 2.1405 10.9436 3.0571 0.3000 0.3000 0.3500 0.9000 0.1000 10.0000
                  cuboid -36.2746 12.1585 10.4017 1.2843 2.4296 1.8343 0.1000 0.2000 0.5000 0.5000 0.9000 80.0000
                cuboid -36.2746 0.7500 10.4017 1.2000 1.5000 4.0571 0.3000 0.3000 0.3500 0.9000 0.1000 10.0000
            union
              difference
                cuboid -29.1522 7.2643 10.4017 2.0996 14.5286 2.4399 0.3000 0.3000 0.3500 0.9000 0.1000 10.0000
                cuboid -29.1522 0.7500 10.4017 1.2000 1.5000 3.4399 0.3000 0.3000 0.3500 0.9000 0.1000 10.0000
              union
                difference
                  cuboid -20.9109 6.7174 10.4017 2.0908 13.4347 3.6849 0.3000 0.3000 0.3500 0.9000 0.1000 10.0000
                  cuboid -20.9109 0.7500 10.4017 1.2000 1.5000 4.6849 0.3000 0.3000 0.3500 0.9000 0.1000 10.0000
                difference
                  union
                    cuboid -13.2132 2.5479 10.4017 3.3756 5.0957 2.5374 0.3000 0.3000 0.3500 0.9000 0.1000 10.0000
                    cuboid -13.2132 7.2275 10.4017 2.0253 4.2636 1.5224 0.1000 0.2000 0.5000 0.5000 0.9000 80.0000
                  cuboid -13.2132 0.7500 10.4017 1.2000 1.5000 3.5374 0.3000 0.3000 0.3500 0.9000 0.1000 10.0000
      union
        union
          union
            union
              difference
                cuboid -5.7795 4.6080 10.4017 2.7911 9.2160 3.7005 0.3000 0.3000 0.3500 0.9000 0.1000 10.0000
                cuboid -5.7795 0.7500 10.4017 1.2000 1.5000 4.7005 0.3000 0.3000 0.3500 0.9000 0.1000 10.0000
              difference
                union
                  cuboid 1.6675 2.9836 10.4017 2.6003 5.9673 2.1483 0.3000 0.3000 0.3500 0.9000 0.1000 10.0000
                  cuboid 1.6675 7.1154 10.4017 1.5602 2.2962 1.2890 0.1000 0.2000 0.5000 0.5000 0.9000 80.0000
                cuboid 1.6675 0.7500 10.4017 1.2000 1.5000 3.1483 0.3000 0.3000 0.3500 0.9000 0.1000 10.0000
            union
              difference
                union
                  cuboid 10.4167 6.9129 10.4017 2.7925 13.8257 3.8538 0.3000 0.3000 0.3500 0.9000 0.1000 10.0000
                  cuboid 10.4167 16.0036 10.4017 1.6755 4.3558 2.3123 0.1000 0.2000 0.5000 0.5000 0.9000 80.0000
                cuboid 10.4167 0.7500 10.4017 1.2000 1.5000 4.8538 0.3000 0.3000 0.3500 0.9000 0.1000 10.0000
              difference
                cuboid 18.3101 7.3063 10.4017 2.9837 14.6126 3.6084 0.3000 0.3000 0.3500 0.9000 0.1000 10.0000
                cuboid 18.3101 0.7500 10.4017 1.2000 1.5000 4.6084 0.3000 0.3000 0.3500 0.9000 0.1000 10.0000
          union
            union
              difference
                union
                  cuboid 26.8562 4.6024 10.4017 2.8807 9.2047 2.1107 0.3000 0.3000 0.3500 0.9000 0.1000 10.0000
                  cuboid 26.8562 10.9735 10.4017 1.7284 3.5374 1.2664 0.1000 0.2000 0.5000 0.5000 0.9000 80.0000
                cuboid 26.8562 0.7500 10.4017 1.2000 1.5000 3.1107 0.3000 0.3000 0.3500 0.9000 0.1000 10.0000
              difference
                cuboid 34.4224 6.1255 10.4017 2.8001 12.2509 3.4634 0.3000 0.3000 0.3500 0.9000 0.1000 10.0000
                cuboid 34.4224 0.7500 10.4017 1.2000 1.5000 4.4634 0.3000 0.3000 0.3500 0.9000 0.1000 10.0000
            union
              difference
                cuboid 42.9222 4.4675 10.4017 2.1180 8.9350 2.2656 0.3000 0.3000 0.3500 0.9000 0.1000 10.0000
                cuboid 42.9222 0.7500 10.4017 1.2000 1.5000 3.2656 0.3000 0.3000 0.3500 0.9000 0.1000 10.0000
              union
                difference
                  cuboid -44.0000 6.9545 18.8124 2.3929 13.9090 2.8738 0.3000 0.3000 0.3500 0.9000 0.1000 10.0000
                  cuboid -44.0000 0.7500 18.8124 1.2000 1.5000 3.8738 0.3000 0.3000 0.3500 0.9000 0.1000 10.0000
                difference
                  union
                    union
                      cuboid -35.2916 4.2609 18.8124 3.5019 8.5217 3.6162 0.3000 0.3000 0.3500 0.9000 0.1000 10.0000
                      cuboid -35.2916 9.5714 18.8124 2.1012 2.0994 2.1697 0.1000 0.2000 0.5000 0.5000 0.9000 80.0000
                    cylinder -35.2916 11.7800 18.8124 0.2000 3.3179 0.5000 0.5000 0.5500 0.6000 0.8000 50.0000
                  cuboid -35.2916 0.7500 18.8124 1.2000 1.5000 4.6162 0.3000 0.3000 0.3500 0.9000 0.1000 10.0000
        union
          union
            union
              difference
                cuboid -26.6420 6.0845 18.8124 2.6123 12.1690 2.1328 0.3000 0.3000 0.3500 0.9000 0.1000 10.0000
                cuboid -26.6420 0.7500 18.8124 1.2000 1.5000 3.1328 0.3000 0.3000 0.3500 0.9000 0.1000 10.0000
              difference
                union
                  cuboid -18.4957 2.6285 18.8124 3.9114 5.2570 3.0480 0.3000 0.3000 0.3500 0.9000 0.1000 10.0000
                  cuboid -18.4957 7.5458 18.8124 2.3468 4.5776 1.8288 0.1000 0.2000 0.5000 0.5000 0.9000 80.0000
                cuboid -18.4957 0.7500 18.8124 1.2000 1.5000 4.0480 0.3000 0.3000 0.3500 0.9000 0.1000 10.0000
            union
              difference
                cuboid -10.1031 3.5050 18.8124 3.3964 7.0101 3.2745 0.3000 0.3000 0.3500 0.9000 0.1000 10.0000
                cuboid -10.1031 0.7500 18.8124 1.2000 1.5000 4.2745 0.3000 0.3000 0.3500 0.9000 0.1000 10.0000
              difference
                union
                  union
                    cuboid -1.4495 6.3627 18.8124 3.3764 12.7254 3.1181 0.3000 0.3000 0.3500 0.9000 0.1000 10.0000
                    cuboid -1.4495 14.3506 18.8124 2.0258 3.2504 1.8709 0.1000 0.2000 0.5000 0.5000 0.9000 80.0000
                  cylinder -1.4495 16.3217 18.8124 0.2000 1.6917 0.5000 0.5000 0.5500 0.6000 0.8000 50.0000
                cuboid -1.4495 0.7500 18.8124 1.2000 1.5000 4.1181 0.3000 0.3000 0.3500 0.9000 0.1000 10.0000
          union
            union
              difference
                union
                  cuboid 5.8525 5.3845 18.8124 3.9884 10.7689 2.0738 0.3000 0.3000 0.3500 0.9000 0.1000 10.0000
                  cuboid 5.8525 13.0796 18.8124 2.3930 4.6213 1.2443 0.1000 0.2000 0.5000 0.5000 0.9000 80.0000
                cuboid 5.8525 0.7500 18.8124 1.2000 1.5000 3.0738 0.3000 0.3000 0.3500 0.9000 0.1000 10.0000
              difference
                union
                  cuboid 14.7366 3.2510 18.8124 2.8705 6.5020 2.9739 0.3000 0.3000 0.3500 0.9000 0.1000 10.0000
                  cuboid 14.7366 8.5325 18.8124 1.7223 4.0610 1.7844 0.1000 0.2000 0.5000 0.5000 0.9000 80.0000
                cuboid 14.7366 0.7500 18.8124 1.2000 1.5000 3.9739 0.3000 0.3000 0.3500 0.9000 0.1000 10.0000
            union
              difference
                cuboid 23.1259 4.5993 18.8124 2.6924 9.1987 3.0405 0.3000 0.3000 0.3500 0.9000 0.1000 10.0000
                cuboid 23.1259 0.7500 18.8124 1.2000 1.5000 4.0405 0.3000 0.3000 0.3500 0.9000 0.1000 10.0000
              union
                difference
                  union
                    cuboid 30.6434 4.2811 18.8124 2.0075 8.5622 2.1754 0.3000 0.3000 0.3500 0.9000 0.1000 10.0000
                    cuboid 30.6434 10.1418 18.8124 1.2045 3.1593 1.3052 0.1000 0.2000 0.5000 0.5000 0.9000 80.0000
                  cuboid 30.6434 0.7500 18.8124 1.2000 1.5000 3.1754 0.3000 0.3000 0.3500 0.9000 0.1000 10.0000
                difference
                  cuboid 39.6164 5.8080 18.8124 2.5199 11.6160 3.5029 0.3000 0.3000 0.3500 0.9000 0.1000 10.0000
                  cuboid 39.6164 0.7500 18.8124 1.2000 1.5000 4.5029 0.3000 0.3000 0.3500 0.9000 0.1000 10.0000
    union
      union
        union
          union
            union
              difference
                union
                  cuboid -44.0000 4.2187 26.4633 3.3114 8.4373 3.3739 0.3000 0.3000 0.3500 0.9000 0.1000 10.0000
                  cuboid -44.0000 11.3017 26.4633 1.9869 5.7287 2.0244 0.1000 0.2000 0.5000 0.5000 0.9000 80.0000
                cuboid -44.0000 0.7500 26.4633 1.2000 1.5000 4.3739 0.3000 0.3000 0.3500 0.9000 0.1000 10.0000
              difference
                union
                  cuboid -36.8528 4.2962 26.4633 2.8463 8.5924 2.1696 0.3000 0.3000 0.3500 0.9000 0.1000 10.0000
                  cuboid -36.8528 9.7621 26.4633 1.7078 2.3393 1.3017 0.1000 0.2000 0.5000 0.5000 0.9000 80.0000
                cuboid -36.8528 0.7500 26.4633 1.2000 1.5000 3.1696 0.3000 0.3000 0.3500 0.9000 0.1000 10.0000
            union
              difference
                cuboid -29.4398 3.6977 26.4633 3.0909 7.3954 2.0636 0.3000 0.3000 0.3500 0.9000 0.1000 10.0000
                cuboid -29.4398 0.7500 26.4633 1.2000 1.5000 3.0636 0.3000 0.3000 0.3500 0.9000 0.1000 10.0000
              difference
                cuboid -21.5671 3.1813 26.4633 2.8323 6.3627 3.8696 0.3000 0.3000 0.3500 0.9000 0.1000 10.0000
                cuboid -21.5671 0.7500 26.4633 1.2000 1.5000 4.8696 0.3000 0.3000 0.3500 0.9000 0.1000 10.0000
          union
            union
              difference
                union
                  cuboid -12.8858 3.4602 26.4633 2.4574 6.9203 3.3932 0.3000 0.3000 0.3500 0.9000 0.1000 10.0000
                  cuboid -12.8858 9.1308 26.4633 1.4744 4.4209 2.0359 0.1000 0.2000 0.5000 0.5000 0.9000 80.0000
                cuboid -12.8858 0.7500 26.4633 1.2000 1.5000 4.3932 0.3000 0.3000 0.3500 0.9000 0.1000 10.0000
              difference
                union
                  cuboid -4.0924 6.5000 26.4633 3.5535 13.0000 3.1558 0.3000 0.3000 0.3500 0.9000 0.1000 10.0000
                  cuboid -4.0924 14.7296 26.4633 2.1321 3.4592 1.8935 0.1000 0.2000 0.5000 0.5000 0.9000 80.0000
                cuboid -4.0924 0.7500 26.4633 1.2000 1.5000 4.1558 0.3000 0.3000 0.3500 0.9000 0.1000 10.0000
            union
              difference
                union
                  union
                    cuboid 4.6094 6.0535 26.4633 2.0906 12.1069 2.8684 0.3000 0.3000 0.3500 0.9000 0.1000 10.0000
                    cuboid 4.6094 14.2232 26.4633 1.2543 4.2326 1.7211 0.1000 0.2000 0.5000 0.5000 0.9000 80.0000
                  cylinder 4.6094 17.3505 26.4633 0.2000 3.0218 0.5000 0.5000 0.5500 0.6000 0.8000 50.0000
                cuboid 4.6094 0.7500 26.4633 1.2000 1.5000 3.8684 0.3000 0.3000 0.3500 0.9000 0.1000 10.0000
              difference
                union
                  union
                    cuboid 13.3503 7.2359 26.4633 2.0991 14.4717 3.2834 0.3000 0.3000 0.3500 0.9000 0.1000 10.0000
                    cuboid 13.3503 17.3483 26.4633 1.2595 5.7532 1.9700 0.1000 0.2000 0.5000 0.5000 0.9000 80.0000
                  cylinder 13.3503 21.5689 26.4633 0.2000 3.6880 0.5000 0.5000 0.5500 0.6000 0.8000 50.0000
                cuboid 13.3503 0.7500 26.4633 1.2000 1.5000 4.2834 0.3000 0.3000 0.3500 0.9000 0.1000 10.0000
        union
          union
            union
              difference
                union
                  cuboid 20.3516 7.0397 26.4633 3.8353 14.0795 3.4543 0.3000 0.3000 0.3500 0.9000 0.1000 10.0000
                  cuboid 20.3516 15.5967 26.4633 2.3012 3.0344 2.0726 0.1000 0.2000 0.5000 0.5000 0.9000 80.0000
                cuboid 20.3516 0.7500 26.4633 1.2000 1.5000 4.4543 0.3000 0.3000 0.3500 0.9000 0.1000 10.0000
              difference
                union
                  union
                    cuboid 28.1645 5.9228 26.4633 3.8045 11.8456 2.8303 0.3000 0.3000 0.3500 0.9000 0.1000 10.0000
                    cuboid 28.1645 14.2109 26.4633 2.2827 4.7305 1.6982 0.1000 0.2000 0.5000 0.5000 0.9000 80.0000
                  cylinder 28.1645 17.4860 26.4633 0.2000 2.8197 0.5000 0.5000 0.5500 0.6000 0.8000 50.0000
                cuboid 28.1645 0.7500 26.4633 1.2000 1.5000 3.8303 0.3000 0.3000 0.3500 0.9000 0.1000 10.0000
            union
              difference
                cuboid 36.4545 2.9390 26.4633 3.4234 5.8779 2.8582 0.3000 0.3000 0.3500 0.9000 0.1000 10.0000
                cuboid 36.4545 0.7500 26.4633 1.2000 1.5000 3.8582 0.3000 0.3000 0.3500 0.9000 0.1000 10.0000
              difference
                union
                  union
                    cuboid -44.0000 7.0563 34.1588 3.1924 14.1125 2.6588 0.3000 0.3000 0.3500 0.9000 0.1000 10.0000
                    cuboid -44.0000 15.7918 34.1588 1.9154 3.3586 1.5953 0.1000 0.2000 0.5000 0.5000 0.9000 80.0000
                  cylinder -44.0000 17.6405 34.1588 0.2000 1.3387 0.5000 0.5000 0.5500 0.6000 0.8000 50.0000
                cuboid -44.0000 0.7500 34.1588 1.2000 1.5000 3.6588 0.3000 0.3000 0.3500 0.9000 0.1000 10.0000
          union
            union
              difference
                union
                  union
                    cuboid -35.5871 6.1726 34.1588 2.5586 12.3452 2.6435 0.3000 0.3000 0.3500 0.9000 0.1000 10.0000
                    cuboid -35.5871 14.9047 34.1588 1.5352 5.1190 1.5861 0.1000 0.2000 0.5000 0.5000 0.9000 80.0000
                  cylinder -35.5871 18.1865 34.1588 0.2000 2.4446 0.5000 0.5000 0.5500 0.6000 0.8000 50.0000
                cuboid -35.5871 0.7500 34.1588 1.2000 1.5000 3.6435 0.3000 0.3000 0.3500 0.9000 0.1000 10.0000
              difference
                union
                  cuboid -27.6572 5.5418 34.1588 2.4044 11.0837 2.4772 0.3000 0.3000 0.3500 0.9000 0.1000 10.0000
                  cuboid -27.6572 13.9938 34.1588 1.4426 5.8203 1.4863 0.1000 0.2000 0.5000 0.5000 0.9000 80.0000
                cuboid -27.6572 0.7500 34.1588 1.2000 1.5000 3.4772 0.3000 0.3000 0.3500 0.9000 0.1000 10.0000
            union
              difference
                union
                  cuboid -20.5914 5.8187 34.1588 3.0605 11.6373 3.0484 0.3000 0.3000 0.3500 0.9000 0.1000 10.0000
                  cuboid -20.5914 12.8047 34.1588 1.8363 2.3348 1.8290 0.1000 0.2000 0.5000 0.5000 0.9000 80.0000
                cuboid -20.5914 0.7500 34.1588 1.2000 1.5000 4.0484 0.3000 0.3000 0.3500 0.9000 0.1000 10.0000
              union
                difference
                  cuboid -12.3033 3.7860 34.1588 3.9259 7.5719 2.2162 0.3000 0.3000 0.3500 0.9000 0.1000 10.0000
                  cuboid -12.3033 0.7500 34.1588 1.2000 1.5000 3.2162 0.3000 0.3000 0.3500 0.9000 0.1000 10.0000
                difference
                  cuboid -4.9957 2.8008 34.1588 3.6329 5.6016 2.8261 0.3000 0.3000 0.3500 0.9000 0.1000 10.0000
                  cuboid -4.9957 0.7500 34.1588 1.2000 1.5000 3.8261 0.3000 0.3000 0.3500 0.9000 0.1000 10.0000
      union
        union
          union
            union
              difference
                cuboid 2.2142 7.0474 34.1588 3.1875 14.0948 3.5644 0.3000 0.3000 0.3500 0.9000 0.1000 10.0000
                cuboid 2.2142 0.7500 34.1588 1.2000 1.5000 4.5644 0.3000 0.3000 0.3500 0.9000 0.1000 10.0000
              difference
                union
                  union
                    cuboid 9.2725 3.6004 34.1588 2.0870 7.2008 3.5488 0.3000 0.3000 0.3500 0.9000 0.1000 10.0000
                    cuboid 9.2725 10.1374 34.1588 1.2522 5.8732 2.1293 0.1000 0.2000 0.5000 0.5000 0.9000 80.0000
                  cylinder 9.2725 14.3121 34.1588 0.2000 3.4762 0.5000 0.5000 0.5500 0.6000 0.8000 50.0000
                cuboid 9.2725 0.7500 34.1588 1.2000 1.5000 4.5488 0.3000 0.3000 0.3500 0.9000 0.1000 10.0000
            union
              difference
                union
                  union
                    cuboid 17.3459 5.6971 34.1588 2.3299 11.3943 3.0565 0.3000 0.3000 0.3500 0.9000 0.1000 10.0000
                    cuboid 17.3459 13.5171 34.1588 1.3979 4.2456 1.8339 0.1000 0.2000 0.5000 0.5000 0.9000 80.0000
                  cylinder 17.3459 16.6462 34.1588 0.2000 3.0127 0.5000 0.5000 0.5500 0.6000 0.8000 50.0000
                cuboid 17.3459 0.7500 34.1588 1.2000 1.5000 4.0565 0.3000 0.3000 0.3500 0.9000 0.1000 10.0000
              difference
                union
                  cuboid 26.2654 6.8637 34.1588 3.7073 13.7275 2.9475 0.3000 0.3000 0.3500 0.9000 0.1000 10.0000
                  cuboid 26.2654 15.9483 34.1588 2.2244 4.4417 1.7685 0.1000 0.2000 0.5000 0.5000 0.9000 80.0000
                cuboid 26.2654 0.7500 34.1588 1.2000 1.5000 3.9475 0.3000 0.3000 0.3500 0.9000 0.1000 10.0000
          union
            union
              difference
                union
                  union
                    cuboid 34.1932 4.8598 34.1588 2.6332 9.7196 3.6532 0.3000 0.3000 0.3500 0.9000 0.1000 10.0000
                    cuboid 34.1932 11.3575 34.1588 1.5799 3.2759 2.1919 0.1000 0.2000 0.5000 0.5000 0.9000 80.0000
                  cylinder 34.1932 13.5007 34.1588 0.2000 2.0104 0.5000 0.5000 0.5500 0.6000 0.8000 50.0000
                cuboid 34.1932 0.7500 34.1588 1.2000 1.5000 4.6532 0.3000 0.3000 0.3500 0.9000 0.1000 10.0000
              difference
                union
                  union
                    cuboid 41.3502 5.5296 34.1588 2.5275 11.0592 2.0450 0.3000 0.3000 0.3500 0.9000 0.1000 10.0000
                    cuboid 41.3502 13.5558 34.1588 1.5165 4.9933 1.2270 0.1000 0.2000 0.5000 0.5000 0.9000 80.0000
                  cylinder 41.3502 16.0637 34.1588 0.2000 1.0224 0.5000 0.5000 0.5500 0.6000 0.8000 50.0000
                cuboid 41.3502 0.7500 34.1588 1.2000 1.5000 3.0450 0.3000 0.3000 0.3500 0.9000 0.1000 10.0000
            union
              difference
                union
                  cuboid -44.0000 2.8495 42.1499 2.5088 5.6991 2.2918 0.3000 0.3000 0.3500 0.9000 0.1000 10.0000
                  cuboid -44.0000 7.4802 42.1499 1.5053 3.5622 1.3751 0.1000 0.2000 0.5000 0.5000 0.9000 80.0000
                cuboid -44.0000 0.7500 42.1499 1.2000 1.5000 3.2918 0.3000 0.3000 0.3500 0.9000 0.1000 10.0000
              union
                difference
                  union
                    union
                      cuboid -36.8575 3.5029 42.1499 2.1821 7.0058 3.6313 0.3000 0.3000 0.3500 0.9000 0.1000 10.0000
                      cuboid -36.8575 8.3310 42.1499 1.3092 2.6503 2.1788 0.1000 0.2000 0.5000 0.5000 0.9000 80.0000
                    cylinder -36.8575 10.8135 42.1499 0.2000 3.3147 0.5000 0.5000 0.5500 0.6000 0.8000 50.0000
                  cuboid -36.8575 0.7500 42.1499 1.2000 1.5000 4.6313 0.3000 0.3000 0.3500 0.9000 0.1000 10.0000
                difference
                  union
                    union
                      cuboid -28.3476 2.8886 42.1499 3.4926 5.7771 2.0392 0.3000 0.3000 0.3500 0.9000 0.1000 10.0000
                      cuboid -28.3476 7.1901 42.1499 2.0956 2.8260 1.2235 0.1000 0.2000 0.5000 0.5000 0.9000 80.0000
                    cylinder -28.3476 8.6650 42.1499 0.2000 1.1238 0.5000 0.5000 0.5500 0.6000 0.8000 50.0000
                  cuboid -28.3476 0.7500 42.1499 1.2000 1.5000 3.0392 0.3000 0.3000 0.3500 0.9000 0.1000 10.0000
        union
          union
            union
              difference
                union
                  union
                    cuboid -20.0574 5.0802 42.1499 2.9835 10.1604 3.6885 0.3000 0.3000 0.3500 0.9000 0.1000 10.0000
                    cuboid -20.0574 11.9198 42.1499 1.7901 3.5188 2.2131 0.1000 0.2000 0.5000 0.5000 0.9000 80.0000
                  cylinder -20.0574 15.1221 42.1499 0.2000 3.8858 0.5000 0.5000 0.5500 0.6000 0.8000 50.0000
                cuboid -20.0574 0.7500 42.1499 1.2000 1.5000 4.6885 0.3000 0.3000 0.3500 0.9000 0.1000 10.0000
              difference
                cuboid -11.1736 4.5833 42.1499 2.2512 9.1666 2.8972 0.3000 0.3000 0.3500 0.9000 0.1000 10.0000
                cuboid -11.1736 0.7500 42.1499 1.2000 1.5000 3.8972 0.3000 0.3000 0.3500 0.9000 0.1000 10.0000
            union
              difference
                cuboid -3.7269 3.9547 42.1499 2.8922 7.9094 2.9742 0.3000 0.3000 0.3500 0.9000 0.1000 10.0000
                cuboid -3.7269 0.7500 42.1499 1.2000 1.5000 3.9742 0.3000 0.3000 0.3500 0.9000 0.1000 10.0000
              difference
                union
                  union
                    cuboid 4.5614 2.5609 42.1499 3.5734 5.1218 2.5882 0.3000 0.3000 0.3500 0.9000 0.1000 10.0000
                    cuboid 4.5614 6.5060 42.1499 2.1440 2.7685 1.5529 0.1000 0.2000 0.5000 0.5000 0.9000 80.0000
                  cylinder 4.5614 8.5326 42.1499 0.2000 2.2847 0.5000 0.5000 0.5500 0.6000 0.8000 50.0000
                cuboid 4.5614 0.7500 42.1499 1.2000 1.5000 3.5882 0.3000 0.3000 0.3500 0.9000 0.1000 10.0000
          union
            union
              difference
                union
                  cuboid 11.7301 4.3210 42.1499 3.2928 8.6419 3.8321 0.3000 0.3000 0.3500 0.9000 0.1000 10.0000
                  cuboid 11.7301 10.2985 42.1499 1.9757 3.3132 2.2993 0.1000 0.2000 0.5000 0.5000 0.9000 80.0000
                cuboid 11.7301 0.7500 42.1499 1.2000 1.5000 4.8321 0.3000 0.3000 0.3500 0.9000 0.1000 10.0000
              difference
                union
                  union
                    cuboid 19.6579 3.1220 42.1499 3.9205 6.2439 2.6615 0.3000 0.3000 0.3500 0.9000 0.1000 10.0000
                    cuboid 19.6579 8.0612 42.1499 2.3523 3.6346 1.5969 0.1000 0.2000 0.5000 0.5000 0.9000 80.0000
                  cylinder 19.6579 9.9053 42.1499 0.2000 1.0536 0.5000 0.5000 0.5500 0.6000 0.8000 50.0000
                cuboid 19.6579 0.7500 42.1499 1.2000 1.5000 3.6615 0.3000 0.3000 0.3500 0.9000 0.1000 10.0000
            union
              difference
                union
                  union
                    cuboid 27.6988 3.4563 42.1499 3.5836 6.9126 2.2301 0.3000 0.3000 0.3500 0.9000 0.1000 10.0000
                    cuboid 27.6988 9.3409 42.1499 2.1502 4.8566 1.3381 0.1000 0.2000 0.5000 0.5000 0.9000 80.0000
                  cylinder 27.6988 12.3066 42.1499 0.2000 2.0748 0.5000 0.5000 0.5500 0.6000 0.8000 50.0000
                cuboid 27.6988 0.7500 42.1499 1.2000 1.5000 3.2301 0.3000 0.3000 0.3500 0.9000 0.1000 10.0000
              union
                difference
                  union
                    cuboid 34.8032 4.4187 42.1499 3.6289 8.8373 2.1232 0.3000 0.3000 0.3500 0.9000 0.1000 10.0000
                    cuboid 34.8032 11.6504 42.1499 2.1774 5.6261 1.2739 0.1000 0.2000 0.5000 0.5000 0.9000 80.0000
                  cuboid 34.8032 0.7500 42.1499 1.2000 1.5000 3.1232 0.3000 0.3000 0.3500 0.9000 0.1000 10.0000
                difference
                  union
                    union
                      cuboid 43.5475 3.4143 42.1499 2.0970 6.8286 2.6592 0.3000 0.3000 0.3500 0.9000 0.1000 10.0000
                      cuboid 43.5475 7.9608 42.1499 1.2582 2.2643 1.5955 0.1000 0.2000 0.5000 0.5000 0.9000 80.0000
                    cylinder 43.5475 9.1052 42.1499 0.2000 1.0244 0.5000 0.5000 0.5500 0.6000 0.8000 50.0000
                  cuboid 43.5475 0.7500 42.1499 1.2000 1.5000 3.6592 0.3000 0.3000 0.3500 0.9000 0.1000 10.0000