union
  union
    union
      union
        union
          union
            sphere 2.0 -3.75 0.0 0.4 1.0 0.0 0.0 0.8 0.5 32
            sphere -2.0 -3.75 0.0 0.4 0.0 0.0 1.0 0.8 0.5 32
          union
            sphere 1.75 -3.6 0.96 0.4 1.0 0.1 0.0 0.8 0.5 32
            sphere -1.75 -3.6 -0.96 0.4 0.0 0.1 1.0 0.8 0.5 32
        union
          union
            sphere 1.08 -3.45 1.68 0.4 1.0 0.2 0.0 0.8 0.5 32
            sphere -1.08 -3.45 -1.68 0.4 0.0 0.2 1.0 0.8 0.5 32
          union
            sphere 0.14 -3.3 1.99 0.4 1.0 0.3 0.0 0.8 0.5 32
            sphere -0.14 -3.3 -1.99 0.4 0.0 0.3 1.0 0.8 0.5 32
      union
        union
          union
            sphere -0.83 -3.15 1.81 0.4 1.0 0.4 0.0 0.8 0.5 32
            sphere 0.83 -3.15 -1.81 0.4 0.0 0.4 1.0 0.8 0.5 32
          union
            sphere -1.6 -3.0 1.19 0.4 1.0 0.5 0.0 0.8 0.5 32
            sphere 1.6 -3.0 -1.19 0.4 0.0 0.5 1.0 0.8 0.5 32
        union
          union
            sphere -1.97 -2.85 0.27 0.4 1.0 0.6 0.0 0.8 0.5 32
            sphere 1.97 -2.85 -0.27 0.4 0.0 0.6 1.0 0.8 0.5 32
          union
            sphere -1.87 -2.7 -0.7 0.4 1.0 0.7 0.0 0.8 0.5 32
            sphere 1.87 -2.7 0.7 0.4 0.0 0.7 1.0 0.8 0.5 32
    union
      union
        union
          union
            sphere -1.31 -2.55 -1.5 0.4 1.0 0.8 0.0 0.8 0.5 32
            sphere 1.31 -2.55 1.5 0.4 0.0 0.8 1.0 0.8 0.5 32
          union
            sphere -0.42 -2.4 -1.95 0.4 1.0 0.9 0.0 0.8 0.5 32
            sphere 0.42 -2.4 1.95 0.4 0.0 0.9 1.0 0.8 0.5 32
        union
          union
            sphere 0.56 -2.25 -1.91 0.4 1.0 1.0 0.0 0.8 0.5 32
            sphere -0.56 -2.25 1.91 0.4 0.0 1.0 1.0 0.8 0.5 32
          union
            sphere 1.42 -2.1 -1.4 0.4 1.0 0.9 0.0 0.8 0.5 32
            sphere -1.42 -2.1 1.4 0.4 0.0 0.9 1.0 0.8 0.5 32
      union
        union
          union
            sphere 1.93 -1.95 -0.54 0.4 1.0 0.8 0.0 0.8 0.5 32
            sphere -1.93 -1.95 0.54 0.4 0.0 0.8 1.0 0.8 0.5 32
          union
            sphere 1.99 -1.8 0.53 0.4 1.0 0.7 0.0 0.8 0.5 32
            sphere -1.99 -1.8 -0.53 0.4 0.0 0.7 1.0 0.8 0.5 32
        union
          union
            sphere 1.52 -1.65 1.3 0.4 1.0 0.6 0.0 0.8 0.5 32
            sphere -1.52 -1.65 -1.3 0.4 0.0 0.6 1.0 0.8 0.5 32
          union
            sphere 0.7 -1.5 1.87 0.4 1.0 0.5 0.0 0.8 0.5 32
            sphere -0.7 -1.5 -1.87 0.4 0.0 0.5 1.0 0.8 0.5 32
  union
    union
      union
        union
          union
            sphere -0.28 -1.35 1.98 0.4 1.0 0.4 0.0 0.8 0.5 32
            sphere 0.28 -1.35 -1.98 0.4 0.0 0.4 1.0 0.8 0.5 32
          union
            sphere -1.19 -1.2 1.6 0.4 1.0 0.3 0.0 0.8 0.5 32
            sphere 1.19 -1.2 -1.6 0.4 0.0 0.3 1.0 0.8 0.5 32
        union
          union
            sphere -1.82 -1.05 0.82 0.4 1.0 0.2 0.0 0.8 0.5 32
            sphere 1.82 -1.05 -0.82 0.4 0.0 0.2 1.0 0.8 0.5 32
          union
            sphere -2.0 -0.9 -0.0 0.4 1.0 0.1 0.0 0.8 0.5 32
            sphere 2.0 -0.9 0.0 0.4 0.0 0.1 1.0 0.8 0.5 32
      union
        union
          union
            sphere -1.71 -0.75 -0.95 0.4 1.0 0.0 0.0 0.8 0.5 32
            sphere 1.71 -0.75 0.95 0.4 0.0 0.0 1.0 0.8 0.5 32
          union
            sphere -0.96 -0.6 -1.75 0.4 1.0 0.1 0.0 0.8 0.5 32
            sphere 0.96 -0.6 1.75 0.4 0.0 0.1 1.0 0.8 0.5 32
        union
          union
            sphere 0.0 -0.45 -2.0 0.4 1.0 0.2 0.0 0.8 0.5 32
            sphere -0.0 -0.45 2.0 0.4 0.0 0.2 1.0 0.8 0.5 32
          union
            sphere 0.95 -0.3 -1.76 0.4 1.0 0.3 0.0 0.8 0.5 32
            sphere -0.95 -0.3 1.76 0.4 0.0 0.3 1.0 0.8 0.5 32
    union
      union
        union
          union
            sphere 1.7 -0.15 -1.05 0.4 1.0 0.4 0.0 0.8 0.5 32
            sphere -1.7 -0.15 1.05 0.4 0.0 0.4 1.0 0.8 0.5 32
          union
            sphere 1.99 -0.0 -0.1 0.4 1.0 0.5 0.0 0.8 0.5 32
            sphere -1.99 -0.0 0.1 0.4 0.0 0.5 1.0 0.8 0.5 32
        union
          union
            sphere 1.84 0.15 0.79 0.4 1.0 0.6 0.0 0.8 0.5 32
            sphere -1.84 0.15 -0.79 0.4 0.0 0.6 1.0 0.8 0.5 32
          union
            sphere 1.25 0.3 1.56 0.4 1.0 0.7 0.0 0.8 0.5 32
            sphere -1.25 0.3 -1.56 0.4 0.0 0.7 1.0 0.8 0.5 32
      union
        union
          union
            sphere 0.37 0.45 1.96 0.4 1.0 0.8 0.0 0.8 0.5 32
            sphere -0.37 0.45 -1.96 0.4 0.0 0.8 1.0 0.8 0.5 32
          union
            sphere -0.61 0.6 1.9 0.4 1.0 0.9 0.0 0.8 0.5 32
            sphere 0.61 0.6 -1.9 0.4 0.0 0.9 1.0 0.8 0.5 32
        union
          union
            sphere -1.45 0.75 1.37 0.4 1.0 1.0 0.0 0.8 0.5 32
            sphere 1.45 0.75 -1.37 0.4 0.0 1.0 1.0 0.8 0.5 32
          union
            sphere -1.95 0.9 0.45 0.4 1.0 0.9 0.0 0.8 0.5 32
            sphere 1.95 0.9 -0.45 0.4 0.0 0.9 1.0 0.8 0.5 32
union
  union
    union
      union
        union
          union
            sphere -1.97 1.05 -0.36 0.4 1.0 0.8 0.0 0.8 0.5 32
            sphere 1.97 1.05 0.36 0.4 0.0 0.8 1.0 0.8 0.5 32
          union
            sphere -1.56 1.2 -1.25 0.4 1.0 0.7 0.0 0.8 0.5 32
            sphere 1.56 1.2 1.25 0.4 0.0 0.7 1.0 0.8 0.5 32
        union
          union
            sphere -0.77 1.35 -1.84 0.4 1.0 0.6 0.0 0.8 0.5 32
            sphere 0.77 1.35 1.84 0.4 0.0 0.6 1.0 0.8 0.5 32
          union
            sphere 0.22 1.5 -1.98 0.4 1.0 0.5 0.0 0.8 0.5 32
            sphere -0.22 1.5 1.98 0.4 0.0 0.5 1.0 0.8 0.5 32
      union
        union
          union
            sphere 1.14 1.65 -1.64 0.4 1.0 0.4 0.0 0.8 0.5 32
            sphere -1.14 1.65 1.64 0.4 0.0 0.4 1.0 0.8 0.5 32
          union
            sphere 1.79 1.8 -0.89 0.4 1.0 0.3 0.0 0.8 0.5 32
            sphere -1.79 1.8 0.89 0.4 0.0 0.3 1.0 0.8 0.5 32
        union
          union
            sphere 2.0 1.95 0.09 0.4 1.0 0.2 0.0 0.8 0.5 32
            sphere -2.0 1.95 -0.09 0.4 0.0 0.2 1.0 0.8 0.5 32
          union
            sphere 1.67 2.1 1.09 0.4 1.0 0.1 0.0 0.8 0.5 32
            sphere -1.67 2.1 -1.09 0.4 0.0 0.1 1.0 0.8 0.5 32
    union
      union
        union
          union
            sphere 0.89 2.25 1.79 0.4 1.0 0.0 0.0 0.8 0.5 32
            sphere -0.89 2.25 -1.79 0.4 0.0 0.0 1.0 0.8 0.5 32
          union
            sphere -0.09 2.4 2.0 0.4 1.0 0.1 0.0 0.8 0.5 32
            sphere 0.09 2.4 -2.0 0.4 0.0 0.1 1.0 0.8 0.5 32
        union
          union
            sphere -1.03 2.55 1.71 0.4 1.0 0.2 0.0 0.8 0.5 32
            sphere 1.03 2.55 -1.71 0.4 0.0 0.2 1.0 0.8 0.5 32
          union
            sphere -1.74 2.7 0.98 0.4 1.0 0.3 0.0 0.8 0.5 32
            sphere 1.74 2.7 -0.98 0.4 0.0 0.3 1.0 0.8 0.5 32
      union
        union
          union
            sphere -1.99 2.85 0.18 0.4 1.0 0.4 0.0 0.8 0.5 32
            sphere 1.99 2.85 -0.18 0.4 0.0 0.4 1.0 0.8 0.5 32
          union
            sphere -1.63 3.0 -1.16 0.4 1.0 0.5 0.0 0.8 0.5 32
            sphere 1.63 3.0 1.16 0.4 0.0 0.5 1.0 0.8 0.5 32
        union
          union
            sphere -0.87 3.15 -1.8 0.4 1.0 0.6 0.0 0.8 0.5 32
            sphere 0.87 3.15 1.8 0.4 0.0 0.6 1.0 0.8 0.5 32
          union
            sphere 0.05 3.3 -2.0 0.4 1.0 0.7 0.0 0.8 0.5 32
            sphere -0.05 3.3 2.0 0.4 0.0 0.7 1.0 0.8 0.5 32
  union
    union
      union
        union
          union
            sphere 0.98 3.45 -1.74 0.4 1.0 0.8 0.0 0.8 0.5 32
            sphere -0.98 3.45 1.74 0.4 0.0 0.8 1.0 0.8 0.5 32
          union
            sphere 1.76 3.6 -0.94 0.4 1.0 0.9 0.0 0.8 0.5 32
            sphere -1.76 3.6 0.94 0.4 0.0 0.9 1.0 0.8 0.5 32
        union
          union
            sphere 1.99 3.75 0.26 0.4 1.0 1.0 0.0 0.8 0.5 32
            sphere -1.99 3.75 -0.26 0.4 0.0 1.0 1.0 0.8 0.5 32
          union
            sphere 1.59 3.9 1.22 0.4 1.0 0.9 0.0 0.8 0.5 32
            sphere -1.59 3.9 -1.22 0.4 0.0 0.9 1.0 0.8 0.5 32
      union
        union
          union
            sphere 0.81 4.05 1.83 0.4 1.0 0.8 0.0 0.8 0.5 32
            sphere -0.81 4.05 -1.83 0.4 0.0 0.8 1.0 0.8 0.5 32
          union
            sphere -0.13 4.2 1.99 0.4 1.0 0.7 0.0 0.8 0.5 32
            sphere 0.13 4.2 -1.99 0.4 0.0 0.7 1.0 0.8 0.5 32
        union
          union
            sphere -1.06 4.35 1.69 0.4 1.0 0.6 0.0 0.8 0.5 32
            sphere 1.06 4.35 -1.69 0.4 0.0 0.6 1.0 0.8 0.5 32
          union
            sphere -1.77 4.5 0.92 0.4 1.0 0.5 0.0 0.8 0.5 32
            sphere 1.77 4.5 -0.92 0.4 0.0 0.5 1.0 0.8 0.5 32
    union
      union
        union
          union
            sphere -1.98 4.65 -0.23 0.4 1.0 0.4 0.0 0.8 0.5 32
            sphere 1.98 4.65 0.23 0.4 0.0 0.4 1.0 0.8 0.5 32
          union
            sphere -1.61 4.8 -1.18 0.4 1.0 0.3 0.0 0.8 0.5 32
            sphere 1.61 4.8 1.18 0.4 0.0 0.3 1.0 0.8 0.5 32
        union
          union
            sphere -0.85 4.95 -1.81 0.4 1.0 0.2 0.0 0.8 0.5 32
            sphere 0.85 4.95 1.81 0.4 0.0 0.2 1.0 0.8 0.5 32
          union
            sphere 0.04 5.1 -2.0 0.4 1.0 0.1 0.0 0.8 0.5 32
            sphere -0.04 5.1 2.0 0.4 0.0 0.1 1.0 0.8 0.5 32
      union
        union
          union
            sphere 0.93 5.25 -1.78 0.4 1.0 0.0 0.0 0.8 0.5 32
            sphere -0.93 5.25 1.78 0.4 0.0 0.0 1.0 0.8 0.5 32
          union
            sphere 1.73 5.4 -1.01 0.4 1.0 0.1 0.0 0.8 0.5 32
            sphere -1.73 5.4 1.01 0.4 0.0 0.1 1.0 0.8 0.5 32
        union
          union
            sphere 1.99 5.55 0.14 0.4 1.0 0.2 0.0 0.8 0.5 32
            sphere -1.99 5.55 -0.14 0.4 0.0 0.2 1.0 0.8 0.5 32
          union
            sphere 1.64 5.7 1.14 0.4 1.0 0.3 0.0 0.8 0.5 32
            sphere -1.64 5.7 -1.14 0.4 0.0 0.3 1.0 0.8 0.5 32