union
  union
    union
      difference
        intersection
          sphere 0.0 0.0 0.0 1.4 1.0 0.2 0.2 0.8 0.6 64
          cuboid -1.1 -1.1 -1.1 2.2 2.2 2.2 0.2 0.2 1.0 0.8 0.5 32
        cylinder 0.0 -2.0 0.0 0.6 4.0 1.0 0.0 0.0 0.8 0.2 10
      union
        cone 0.0 1.2 0.0 1.2 1.5 0.0 0.8 0.0 0.9 0.5 32
        cone 0.0 -2.7 0.0 1.2 1.5 0.0 0.8 0.0 0.9 0.5 32
    union
      difference
        cuboid -4.0 -2.0 -4.0 8.0 0.5 8.0 0.3 0.3 0.3 0.9 0.1 10
        cylinder 0.0 -3.0 0.0 3.0 3.0 0.0 0.0 0.0 0.1 0.1 1
      union
        union
          cylinder -3.5 -2.0 -3.5 0.4 2.0 0.8 0.8 0.2 0.8 0.5 32
          cylinder 3.5 -2.0 -3.5 0.4 2.0 0.8 0.8 0.2 0.8 0.5 32
        union
          cylinder -3.5 -2.0 3.5 0.4 2.0 0.8 0.8 0.2 0.8 0.5 32
          cylinder 3.5 -2.0 3.5 0.4 2.0 0.8 0.8 0.2 0.8 0.5 32
  union
    union
      union
        sphere 2.5 0.0 0.0 0.4 1.0 1.0 0.0 0.8 0.8 100
        sphere -2.5 0.0 0.0 0.4 1.0 1.0 0.0 0.8 0.8 100
      union
        sphere 0.0 0.0 2.5 0.4 1.0 1.0 0.0 0.8 0.8 100
        sphere 0.0 0.0 -2.5 0.4 1.0 1.0 0.0 0.8 0.8 100
    union
      union
        sphere 1.8 1.8 0.0 0.3 0.0 1.0 1.0 0.8 0.8 100
        sphere -1.8 1.8 0.0 0.3 0.0 1.0 1.0 0.8 0.8 100
      union
        sphere 0.0 1.8 1.8 0.3 0.0 1.0 1.0 0.8 0.8 100
        sphere 0.0 1.8 -1.8 0.3 0.0 1.0 1.0 0.8 0.8 100